0.001122
0.001161
0.001872
0.001887
0.002312
0.003388
0.004903
0.004954
0.005181
0.006808
0.007158
0.008621
0.009968
0.010138
0.011308
0.011857
0.012382
0.016867
0.017769
0.018422
0.019025
0.019446
0.019894
0.020821
0.022655
0.023235
0.0239
0.024712
0.025825
0.026222
0.02623
0.027381
0.027986
0.030354
0.031306
0.035812
0.03637
0.037325
0.038575
0.039431
0.039605
0.040314
0.040661
0.042563
0.04307
0.043772
0.043773
0.045099
0.045637
0.045858
0.046721
0.047254
0.047337
0.047344
0.048133
0.049415
0.049488
0.050179
0.050537
0.050996
0.051309
0.053576
0.054933
0.055576
0.055728
0.059341
0.060645
0.061685
0.062314
0.063028
0.066364
0.067024
0.068143
0.06907
0.06924
0.069549
0.070629
0.070895
0.071981
0.07199
0.072834
0.073969
0.074339
0.075109
0.077275
0.079448
0.080834
0.080961
0.081681
0.083627
0.084929
0.085095
0.086877
0.087144
0.087406
0.089074
0.089652
0.09019
0.092387
0.094077
0.094133
0.094472
0.095126
0.097376
0.097715
0.09815
0.098671
0.098936
0.098983
0.099579
0.101039
0.10317
0.104104
0.104711
0.105649
0.106315
0.106941
0.107195
0.109415
0.110602
0.111104
0.111493
0.113898
0.114002
0.114108
0.116307
0.118165
0.119142
0.119334
0.120205
0.121498
0.122021
0.125015
0.126081
0.126449
0.126587
0.127778
0.128191
0.128676
0.130341
0.130758
0.130826
0.132972
0.13724
0.137465
0.138201
0.139133
0.14031
0.140533
0.142468
0.142722
0.143127
0.143914
0.144445
0.144826
0.146003
0.146607
0.14746
0.147894
0.148403
0.149045
0.149188
0.150001
0.15033
0.150985
0.151314
0.152206
0.154963
0.156191
0.157628
0.158171
0.158512
0.159649
0.160733
0.160996
0.162065
0.162892
0.16593
0.167459
0.168744
0.170475
0.170599
0.171159
0.171275
0.172725
0.17359
0.174006
0.174124
0.174207
0.176056
0.177213
0.1779
0.180142
0.18021
0.182578
0.185521
0.185801
0.1867
0.187841
0.188117
0.188543
0.191278
0.191383
0.191688
0.1924
0.19274
0.193757
0.195105
0.195358
0.196362
0.198348
0.198388
0.19909
0.199248
0.200685
0.200822
0.200962
0.203482
0.203571
0.20372
0.204178
0.204567
0.204574
0.209808
0.211654
0.212318
0.212353
0.212811
0.214253
0.215495
0.216278
0.21822
0.218682
0.21947
0.219546
0.219625
0.220865
0.22087
0.221971
0.222866
0.223284
0.223471
0.225212
0.226552
0.229206
0.229459
0.230021
0.232546
0.23287
0.233181
0.23644
0.23676
0.237041
0.237674
0.23882
0.241
0.241467
0.243097
0.243517
0.244138
0.24494
0.245416
0.246204
0.246701
0.248557
0.248941
0.249351
0.249447
0.249491
0.250587
0.254038
0.255253
0.255545
0.255654
0.256107
0.256343
0.258962
0.259034
0.259457
0.26063
0.261848
0.262119
0.263086
0.263174
0.263977
0.264275
0.266342
0.26672
0.267621
0.269831
0.270749
0.272126
0.272177
0.274466
0.275576
0.276246
0.277419
0.277538
0.278867
0.279151
0.281565
0.281974
0.286366
0.286499
0.288285
0.289445
0.291337
0.291529
0.291699
0.29352
0.293984
0.294363
0.294978
0.296636
0.29708
0.297228
0.297235
0.297563
0.297947
0.299326
0.300109
0.300652
0.301425
0.301501
0.302103
0.303364
0.305264
0.305633
0.30642
0.307264
0.308411
0.309121
0.309589
0.31084
0.310963
0.312872
0.312911
0.317444
0.319181
0.319454
0.320258
0.32115
0.321591
0.323581
0.32366
0.323705
0.324416
0.324618
0.324834
0.325904
0.327973
0.328465
0.329524
0.329661
0.331293
0.335526
0.336643
0.336703
0.339412
0.339938
0.340012
0.340524
0.342079
0.343201
0.344012
0.344263
0.344689
0.346035
0.346859
0.346901
0.347004
0.34736
0.347807
0.348206
0.349967
0.350314
0.35064
0.35128
0.351422
0.35473
0.355617
0.355842
0.359254
0.359344
0.360671
0.361097
0.362278
0.363111
0.365383
0.365899
0.366682
0.367248
0.367783
0.368835
0.3709
0.371168
0.371396
0.372121
0.372277
0.372834
0.372835
0.373345
0.375148
0.375536
0.377608
0.378735
0.380021
0.3816
0.384045
0.38569
0.385757
0.387238
0.387246
0.387651
0.390324
0.391005
0.391499
0.391907
0.391919
0.394142
0.394153
0.395833
0.395952
0.398116
0.39876
0.399038
0.399772
0.400654
0.401403
0.402855
0.403516
0.405114
0.405876
0.406418
0.406824
0.407294
0.408348
0.410275
0.410705
0.411022
0.411636
0.415172
0.415628
0.415664
0.417872
0.417938
0.418727
0.420858
0.421218
0.422127
0.424018
0.426269
0.426935
0.428956
0.428987
0.429165
0.430524
0.433148
0.433197
0.437035
0.437109
0.439379
0.440374
0.441215
0.441216
0.441476
0.441727
0.442319
0.44474
0.445976
0.445987
0.446507
0.446733
0.448085
0.448764
0.448879
0.449043
0.449396
0.450113
0.450617
0.450661
0.451331
0.451699
0.453968
0.454425
0.455015
0.455269
0.45564
0.459798
0.459989
0.460187
0.461452
0.462878
0.463943
0.467703
0.469183
0.469462
0.469967
0.471397
0.471486
0.471756
0.473834
0.47425
0.474572
0.474623
0.475414
0.478194
0.478704
0.479899
0.482736
0.485532
0.486039
0.486284
0.489457
0.490523
0.491531
0.491899
0.492204
0.492901
0.492902
0.494042
0.495169
0.496086
0.496906
0.497012
0.497095
0.497401
0.498055
0.499908
0.500494
0.500713
0.501452
0.50164
0.503988
0.504924
0.505738
0.511602
0.511661
0.512185
0.51234
0.513039
0.514351
0.515761
0.516179
0.518253
0.519111
0.519556
0.519618
0.520287
0.520807
0.521838
0.522052
0.524152
0.525462
0.525889
0.52594
0.528558
0.529808
0.531687
0.535481
0.536607
0.537109
0.537736
0.538826
0.539311
0.539807
0.540384
0.541183
0.541426
0.544266
0.544865
0.545427
0.545528
0.546204
0.546402
0.546732
0.549376
0.549401
0.550075
0.550951
0.551127
0.551594
0.554049
0.554084
0.555014
0.556117
0.556434
0.557273
0.558042
0.559369
0.559546
0.560283
0.561497
0.563564
0.565189
0.566417
0.568702
0.569153
0.5703
0.571873
0.572186
0.572785
0.57429
0.574715
0.575604
0.577692
0.578204
0.57884
0.580608
0.581538
0.5864
0.587426
0.589397
0.590342
0.590814
0.59126
0.591712
0.592997
0.593737
0.593859
0.594837
0.59532
0.596912
0.597089
0.597709
0.597831
0.59892
0.599383
0.600359
0.600392
0.600478
0.600906
0.601669
0.601869
0.604974
0.605203
0.605234
0.606442
0.609966
0.610344
0.610599
0.611818
0.611883
0.614943
0.616134
0.61843
0.618463
0.621101
0.621327
0.622257
0.623086
0.62467
0.624908
0.625077
0.626335
0.626387
0.627652
0.628746
0.630734
0.631092
0.635513
0.636569
0.637025
0.638153
0.639459
0.641704
0.642359
0.642553
0.643265
0.64327
0.64377
0.644766
0.645005
0.646026
0.646906
0.647238
0.647361
0.648821
0.649784
0.650082
0.650568
0.650978
0.651977
0.6548
0.655355
0.655596
0.656133
0.659118
0.660498
0.660664
0.661181
0.663188
0.663869
0.665259
0.667302
0.667926
0.66894
0.669219
0.670636
0.671281
0.671516
0.672206
0.67254
0.67357
0.674512
0.674943
0.677293
0.678186
0.67954
0.682603
0.682675
0.686411
0.687093
0.687705
0.688105
0.689011
0.689934
0.690463
0.692405
0.692745
0.693153
0.69509
0.695526
0.696138
0.696716
0.697011
0.698229
0.698824
0.699098
0.699756
0.701065
0.703533
0.704487
0.70579
0.706208
0.707258
0.707346
0.707666
0.710391
0.710416
0.712013
0.712504
0.713845
0.715002
0.71581
0.716351
0.717563
0.718951
0.720158
0.720615
0.721534
0.722198
0.72347
0.724261
0.726606
0.728703
0.728853
0.729532
0.729688
0.732986
0.737203
0.737902
0.738319
0.741019
0.741393
0.742327
0.742713
0.743288
0.744463
0.745303
0.74582
0.745967
0.747476
0.748064
0.748799
0.748881
0.749169
0.749269
0.750099
0.751017
0.751139
0.751319
0.751521
0.752192
0.754979
0.755293
0.755433
0.756583
0.759676
0.759869
0.7616
0.761814
0.762713
0.76295
0.76719
0.767699
0.768258
0.768477
0.771272
0.771447
0.772778
0.772781
0.773844
0.774509
0.774634
0.776281
0.777988
0.779163
0.780436
0.782318
0.785538
0.785765
0.787715
0.788714
0.78946
0.792117
0.792122
0.792617
0.793177
0.793328
0.793774
0.794917
0.794928
0.795117
0.795859
0.796729
0.797046
0.798085
0.800552
0.800673
0.800735
0.800884
0.801119
0.802056
0.804511
0.804564
0.804758
0.806079
0.80967
0.810267
0.811191
0.811342
0.81271
0.813964
0.816433
0.81911
0.819354
0.819661
0.820842
0.820924
0.821818
0.822305
0.823098
0.823949
0.824161
0.824967
0.827133
0.828472
0.831634
0.832722
0.833206
0.83507
0.836997
0.838348
0.839874
0.840268
0.840937
0.841444
0.842205
0.84242
0.843545
0.845605
0.846331
0.846827
0.847731
0.847888
0.849617
0.850466
0.850512
0.850959
0.853489
0.854757
0.854938
0.855671
0.856676
0.857577
0.859341
0.860223
0.86065
0.860857
0.860981
0.863575
0.866639
0.866863
0.867887
0.86807
0.868136
0.869164
0.870668
0.871198
0.873279
0.873292
0.874269
0.877612
0.877774
0.879114
0.879784
0.88122
0.88205
0.88638
0.886784
0.888306
0.890507
0.89099
0.891017
0.892458
0.892732
0.894608
0.895538
0.895937
0.896474
0.896931
0.897983
0.898111
0.898542
0.899051
0.899411
0.900059
0.900272
0.900569
0.901132
0.90137
0.90469
0.904978
0.906439
0.906654
0.909589
0.910606
0.912122
0.91287
0.912953
0.915589
0.917775
0.919493
0.920133
0.92146
0.921613
0.923041
0.923575
0.923639
0.923895
0.925093
0.925132
0.925577
0.927412
0.928396
0.929788
0.931697
0.933336
0.936399
0.936698
0.937719
0.939422
0.940561
0.94073
0.941032
0.941778
0.943061
0.943849
0.94455
0.944652
0.945318
0.946023
0.946796
0.948386
0.94909
0.949873
0.950181
0.950227
0.950592
0.950858
0.951336
0.954267
0.955184
0.955204
0.956882
0.959133
0.960289
0.961785
0.96229
0.963052
0.965754
0.966166
0.967546
0.969023
0.969577
0.971821
0.97192
0.971988
0.972658
0.972892
0.974099
0.975169
0.975842
0.977312
0.978471
0.980023
0.982331
0.982571
0.985713
0.987154
0.987724
0.98878
0.989306
0.989921
0.990024
0.991302
0.993091
0.993158
0.994261
0.995232
0.996725
0.997335
0.997404
0.99934
0.999964
1.0003
1.00032
1.000473
1.003065
1.005152
1.006325
1.006741
1.007823
1.007905
1.009418
1.010392
1.010438
1.011303
1.012175
1.014045
1.015394
1.016237
1.01796
1.018577
1.019191
1.020226
1.020887
1.021306
1.022427
1.024303
1.025409
1.026896
1.028183
1.029065
1.029887
1.030713
1.031563
1.032292
1.037096
1.037444
1.039161
1.040228
1.040407
1.040653
1.041727
1.042403
1.043273
1.044472
1.045158
1.045715
1.047048
1.047158
1.049061
1.049259
1.049845
1.049919
1.050269
1.050689
1.050829
1.051342
1.052054
1.054618
1.054756
1.055029
1.05566
1.059302
1.059896
1.060871
1.061558
1.062972
1.065488
1.066198
1.067632
1.069473
1.070428
1.070905
1.071311
1.072339
1.073152
1.074641
1.074817
1.074876
1.07496
1.077205
1.081432
1.082169
1.082306
1.082933
1.0854
1.085548
1.086475
1.089408
1.090474
1.090568
1.09129
1.092412
1.092644
1.094039
1.09406
1.09495
1.095452
1.0966
1.096854
1.098508
1.099096
1.099991
1.099999
1.1003
1.100663
1.100895
1.103339
1.103968
1.104826
1.109491
1.110276
1.110682
1.110757
1.111368
1.111553
1.11363
1.115741
1.115968
1.118445
1.118568
1.118725
1.119994
1.120803
1.122122
1.122468
1.123289
1.124171
1.12468
1.124995
1.126544
1.127376
1.127963
1.130557
1.131726
1.132207
1.135717
1.136907
1.137092
1.137788
1.13804
1.140001
1.141126
1.141944
1.142414
1.144184
1.145166
1.146083
1.146408
1.146728
1.147874
1.149233
1.149857
1.150618
1.150763
1.151476
1.151985
1.152944
1.154879
1.155132
1.15568
1.156361
1.15806
1.160176
1.160187
1.160516
1.16096
1.164651
1.165869
1.166825
1.168336
1.168823
1.169638
1.17124
1.171431
1.172208
1.173378
1.175492
1.175714
1.176627
1.177786
1.177805
1.179864
1.180404
1.181999
1.186309
1.186417
1.189514
1.19141
1.191515
1.191557
1.19329
1.193961
1.194509
1.194619
1.196036
1.196517
1.197311
1.198341
1.198821
1.19967
1.199682
1.199788
1.199873
1.200143
1.201036
1.201122
1.20305
1.203076
1.206302
1.206419
1.206445
1.209289
1.211464
1.211568
1.21355
1.213645
1.216654
1.217838
1.218499
1.219062
1.220092
1.221278
1.221642
1.222697
1.222799
1.223858
1.224097
1.224325
1.227002
1.227221
1.22931
1.230174
1.231063
1.234896
1.236408
1.23658
1.238744
1.23903
1.239484
1.241737
1.242106
1.242323
1.243006
1.243794
1.244083
1.244139
1.244849
1.245947
1.246843
1.247103
1.248167
1.25024
1.250289
1.25075
1.250934
1.251291
1.25166
1.254608
1.254683
1.254835
1.255374
1.260353
1.260682
1.261281
1.261699
1.263071
1.266182
1.266307
1.268753
1.269075
1.269588
1.269962
1.271888
1.271909
1.272167
1.272313
1.273477
1.274616
1.275177
1.276931
1.277362
1.279192
1.280176
1.280571
1.282693
1.286652
1.287172
1.28813
1.289861
1.290111
1.291354
1.292106
1.292895
1.294239
1.29517
1.296174
1.296438
1.296448
1.297359
1.299082
1.299144
1.299296
1.300552
1.300737
1.301897
1.303073
1.304861
1.305288
1.305366
1.306002
1.308064
1.310999
1.311306
1.31252
1.313188
1.313617
1.315188
1.316001
1.316849
1.318952
1.319169
1.319542
1.321834
1.322315
1.322707
1.323801
1.325411
1.326914
1.32747
1.327579
1.329284
1.33185
1.331935
1.334544
1.336946
1.337427
1.338173
1.3408
1.341369
1.341424
1.341696
1.34248
1.343727
1.344303
1.34491
1.345182
1.34602
1.3481
1.348115
1.348354
1.348862
1.349949
1.349992
1.350317
1.350365
1.350687
1.351116
1.354316
1.3554
1.355999
1.35731
1.359553
1.360079
1.360832
1.361437
1.364093
1.366833
1.367665
1.368279
1.368299
1.369069
1.370633
1.370643
1.371762
1.372378
1.373497
1.373587
1.373671
1.37475
1.376288
1.378108
1.379778
1.380386
1.381897
1.386897
1.387016
1.388068
1.388321
1.389462
1.391368
1.392049
1.392148
1.392372
1.392579
1.393466
1.395243
1.395445
1.396037
1.396726
1.397393
1.397457
1.39824
1.399179
1.399912
1.400454
1.400999
1.401097
1.401468
1.402913
1.405338
1.406047
1.408621
1.409658
1.410511
1.41116
1.412211
1.41398
1.416782
1.417547
1.418229
1.418809
1.419475
1.41966
1.420512
1.421901
1.42201
1.423209
1.424507
1.424969
1.42525
1.427322
1.427389
1.428487
1.429857
1.431631
1.432081
1.436059
1.437446
1.438682
1.439129
1.439134
1.440112
1.442107
1.442137
1.442457
1.444173
1.444621
1.446351
1.4472
1.447419
1.448193
1.44932
1.449386
1.449604
1.450242
1.450385
1.450892
1.454431
1.455266
1.455378
1.456091
1.456386
1.459068
1.459908
1.460001
1.460877
1.461777
1.463526
1.463623
1.46684
1.466902
1.468972
1.470181
1.470365
1.471097
1.472215
1.472382
1.473729
1.474391
1.475281
1.477629
1.477803
1.479029
1.479071
1.481144
1.482307
1.485704
1.487441
1.489113
1.490087
1.49066
1.491563
1.491741
1.491825
1.49344
1.494935
1.496038
1.496929
1.497318
1.497976
1.498372
1.49887
1.499115
1.500256
1.500294
1.500663
1.501265
1.501361
1.501693
1.50563
1.506003
1.506118
1.506458
1.509063
1.510489
1.51185
1.512382
1.512645
1.514903
1.517018
1.518071
1.518766
1.519876
1.521555
1.52166
1.521775
1.52408
1.524625
1.52474
1.525014
1.526374
1.52666
1.528344
1.530747
1.532415
1.533387
1.535564
1.536416
1.537737
1.539486
1.539955
1.540538
1.542047
1.543114
1.543262
1.543355
1.545128
1.545645
1.545956
1.546144
1.546936
1.547915
1.549552
1.549886
1.549887
1.550034
1.550356
1.551313
1.551671
1.554509
1.554629
1.55573
1.555984
1.560825
1.561101
1.561359
1.56222
1.564072
1.564225
1.567947
1.568292
1.568937
1.569433
1.569729
1.570397
1.571386
1.572562
1.572902
1.573279
1.574188
1.574927
1.576537
1.578204
1.57839
1.581017
1.581633
1.582632
1.586878
1.588807
1.588869
1.589913
1.590775
1.590856
1.59136
1.593111
1.594775
1.594927
1.595072
1.595355
1.59584
1.597739
1.599462
1.59973
1.59977
1.599982
1.600732
1.601525
1.604083
1.605279
1.6053
1.605696
1.606617
1.609072
1.610671
1.611284
1.612018
1.613598
1.614247
1.615386
1.615837
1.616006
1.617266
1.618688
1.618908
1.621249
1.621676
1.622333
1.62322
1.623496
1.626286
1.626628
1.626703
1.629878
1.630795
1.631575
1.631825
1.636056
1.636912
1.637585
1.640321
1.640442
1.641073
1.641377
1.642399
1.643387
1.643636
1.644144
1.646055
1.647098
1.647729
1.64781
1.648714
1.649793
1.650337
1.650524
1.65078
1.650883
1.650893
1.651118
1.655007
1.65531
1.655678
1.659238
1.65932
1.659551
1.660191
1.662841
1.663184
1.663977
1.667514
1.66822
1.669075
1.671286
1.671297
1.671733
1.673114
1.673679
1.674181
1.674405
1.675516
1.675944
1.678013
1.678994
1.680564
1.681326
1.682551
1.685441
1.685566
1.687741
1.688646
1.690493
1.691522
1.69171
1.692872
1.69412
1.694297
1.694602
1.695152
1.695526
1.696777
1.696823
1.698802
1.699147
1.699462
1.700007
1.700594
1.700673
1.70084
1.70113
1.703907
1.704668
1.705628
1.706348
1.710982
1.711758
1.712726
1.713362
1.714102
1.714315
1.717531
1.718234
1.718604
1.719269
1.719449
1.720942
1.721363
1.723017
1.723338
1.723998
1.724483
1.725538
1.726901
1.727763
1.729396
1.730377
1.732097
1.733704
1.737059
1.737747
1.739653
1.739707
1.739923
1.740118
1.741434
1.741958
1.742687
1.744836
1.744928
1.745462
1.746216
1.746449
1.748497
1.74859
1.748985
1.749677
1.750595
1.750871
1.753083
1.755301
1.755453
1.755778
1.756699
1.760322
1.76143
1.761678
1.761845
1.7628
1.764671
1.765392
1.766496
1.76891
1.76935
1.769925
1.771002
1.771913
1.77208
1.772415
1.773305
1.773499
1.774892
1.777661
1.778706
1.78003
1.780883
1.781088
1.782018
1.786256
1.787397
1.78884
1.789106
1.791446
1.791596
1.791601
1.792714
1.792737
1.79398
1.794297
1.79514
1.79784
1.79838
1.798461
1.799707
1.800298
1.800702
1.801049
1.801236
1.801581
1.802369
1.803258
1.804713
1.805332
1.805521
1.810018
1.810587
1.810821
1.810851
1.81099
1.812056
1.813982
1.818222
1.819401
1.819504
1.820323
1.822059
1.822407
1.822621
1.823225
1.823602
1.824877
1.824877
1.828017
1.830017
1.831036
1.831685
1.833181
1.835572
1.835883
1.836004
1.837673
1.838841
1.838975
1.840342
1.841058
1.843063
1.843244
1.843811
1.843945
1.844078
1.845225
1.846382
1.846438
1.846942
1.847545
1.849251
1.849961
1.850463
1.850516
1.850662
1.851681
1.853885
1.856638
1.856795
1.856885
1.860302
1.860703
1.862241
1.863082
1.86337
1.86432
1.86619
1.868814
1.869619
1.870196
1.870886
1.870895
1.871434
1.871909
1.872338
1.874656
1.876258
1.87743
1.877477
1.87764
1.881497
1.882411
1.882623
1.88346
1.88656
1.888125
1.888627
1.888777
1.891944
1.892288
1.892819
1.893051
1.894618
1.895351
1.896469
1.897035
1.897365
1.897444
1.898225
1.900498
1.90101
1.901377
1.901622
1.902779
1.903093
1.904962
1.905923
1.906164
1.907244
1.907911
1.909899
1.910535
1.911376
1.911424
1.914041
1.914605
1.916388
1.917949
1.918987
1.920061
1.921483
1.921545
1.922203
1.923198
1.924309
1.924504
1.927814
1.92798
1.928049
1.928885
1.930863
1.933024
1.936443
1.937123
1.938662
1.940109
1.94132
1.941583
1.94159
1.942749
1.943979
1.944356
1.944501
1.946746
1.947042
1.947156
1.948295
1.948412
1.948538
1.949327
1.950053
1.95007
1.950544
1.952371
1.954688
1.95478
1.95546
1.955673
1.956176
1.958027
1.959015
1.961201
1.961448
1.961917
1.965017
1.967035
1.968248
1.969085
1.970168
1.970595
1.972632
1.9727
1.973335
1.974678
1.974908
1.976194
1.97666
1.977962
1.979565
1.98165
1.983076
1.983752
1.985122
1.986433
1.987
1.988396
1.99005
1.990773
1.992063
1.992811
1.99313
1.993766
1.994827
1.995611
1.996208
1.996637
1.997161
1.99807
1.998354
1.999259
1.999463
2.0003
2.000432
2.001103
2.002366
2.004114
2.005105
2.006641
2.009876
2.010709
2.011232
2.011402
2.0133
2.015086
2.016539
2.018736
2.018816
2.018823
2.020247
2.020853
2.021087
2.022789
2.023137
2.023937
2.025764
2.02613
2.026921
2.027565
2.028423
2.0304
2.031649
2.031806
2.036068
2.036138
2.036931
2.037814
2.039886
2.040069
2.041847
2.042124
2.043206
2.044646
2.045208
2.0454
2.046955
2.047944
2.048111
2.04943
2.049578
2.049995
2.050505
2.050571
2.052751
2.054092
2.054422
2.0552
2.056163
2.058072
2.058209
2.060141
2.060243
2.060531
2.061614
2.064211
2.065354
2.065853
2.067151
2.068165
2.068206
2.070049
2.071354
2.07299
2.073405
2.074958
2.075649
2.076073
2.077947
2.078716
2.079888
2.079998
2.084027
2.086477
2.086747
2.088195
2.09037
2.09056
2.091164
2.091262
2.094288
2.09522
2.095243
2.095413
2.096308
2.096799
2.097781
2.097814
2.098036
2.099884
2.100308
2.101301
2.101677
2.101931
2.102107
2.10324
2.10403
2.105636
2.106019
2.106477
2.109996
2.110855
2.112935
2.113764
2.115958
2.116399
2.11758
2.118233
2.118654
2.118784
2.119274
2.121674
2.122421
2.12301
2.124317
2.124751
2.12495
2.125691
2.126401
2.127029
2.128693
2.13037
2.131868
2.133007
2.136076
2.137586
2.13776
2.138449
2.139508
2.140943
2.140984
2.142337
2.143819
2.143832
2.145089
2.145109
2.146171
2.146617
2.147978
2.148132
2.148545
2.149917
2.150474
2.150523
2.150699
2.155311
2.155321
2.15539
2.155779
2.158026
2.160437
2.160725
2.161381
2.162351
2.164158
2.166053
2.167821
2.168613
2.169894
2.169898
2.171464
2.172067
2.173924
2.173993
2.174039
2.176954
2.177659
2.178353
2.179514
2.18238
2.18265
2.183073
2.183943
2.185454
2.187885
2.188241
2.189139
2.190083
2.190978
2.191876
2.192454
2.193393
2.195019
2.195197
2.196227
2.196877
2.197069
2.198315
2.199645
2.200002
2.200321
2.200621
2.201336
2.202541
2.205973
2.20666
2.207637
2.209132
2.209883
2.210082
2.210543
2.210762
2.213
2.213864
2.216016
2.218939
2.219256
2.219996
2.222269
2.222366
2.222813
2.222983
2.224515
2.224736
2.22504
2.227739
2.228721
2.22979
2.229896
2.231171
2.232014
2.237131
2.238477
2.239199
2.239403
2.240779
2.241442
2.241806
2.242762
2.244017
2.245562
2.245783
2.246725
2.246902
2.247444
2.248075
2.249018
2.249811
2.249891
2.250379
2.251073
2.251123
2.254474
2.255352
2.256485
2.256704
2.258835
2.259647
2.260677
2.26301
2.263347
2.266219
2.267696
2.269255
2.269685
2.271376
2.2714
2.272517
2.272779
2.273639
2.274721
2.274767
2.27509
2.275967
2.277035
2.278018
2.28253
2.283134
2.285611
2.286488
2.286587
2.287814
2.288656
2.289052
2.291105
2.291591
2.292488
2.292701
2.292872
2.293489
2.294553
2.295488
2.296071
2.296463
2.298198
2.299129
2.299204
2.299292
2.300376
2.301419
2.304309
2.304924
2.305007
2.305204
2.307428
2.309031
2.310713
2.310835
2.313053
2.313094
2.315308
2.316549
2.317824
2.318873
2.319638
2.319897
2.321962
2.322163
2.32235
2.32286
2.324501
2.324619
2.325207
2.32736
2.3281
2.329294
2.329528
2.330651
2.332567
2.337077
2.337312
2.338397
2.339892
2.340375
2.340907
2.341167
2.34357
2.343617
2.345011
2.345444
2.346375
2.346798
2.349494
2.349774
2.350004
2.350511
2.351087
2.351108
2.355721
2.356105
2.356275
2.357341
2.358312
2.359095
2.360284
2.361361
2.361377
2.364622
2.365861
2.366523
2.368812
2.368953
2.369
2.370279
2.37063
2.370968
2.371986
2.374527
2.374667
2.376907
2.37753
2.378144
2.379239
2.379287
2.380529
2.382484
2.385924
2.386343
2.388159
2.388204
2.390272
2.390556
2.391379
2.391446
2.393476
2.393654
2.394237
2.395591
2.396531
2.396656
2.396782
2.396911
2.396916
2.397313
2.397937
2.3983
2.400171
2.400883
2.401065
2.403718
2.404703
2.405041
2.405119
2.406828
2.408635
2.409044
2.410654
2.41087
2.413232
2.416001
2.417732
2.417973
2.41813
2.418792
2.421407
2.421888
2.422705
2.423897
2.424221
2.424405
2.42548
2.426082
2.427038
2.429846
2.430282
2.431046
2.433415
2.435407
2.435921
2.436036
2.438801
2.44118
2.442126
2.442216
2.442581
2.442677
2.442825
2.443078
2.443631
2.443894
2.445111
2.445212
2.446396
2.44658
2.449204
2.449273
2.450036
2.450289
2.450459
2.450889
2.452381
2.453584
2.454026
2.454458
2.457801
2.459373
2.461968
2.462454
2.464099
2.464313
2.466768
2.467638
2.468915
2.469952
2.471171
2.471275
2.471422
2.472044
2.472867
2.474261
2.474391
2.474943
2.476038
2.477419
2.478521
2.481418
2.482637
2.483486
2.48641
2.48649
2.488523
2.489148
2.490361
2.491318
2.491323
2.491967
2.492165
2.49421
2.494369
2.495276
2.496101
2.496381
2.49677
2.499009
2.499179
2.50016
2.50051
2.500796
2.500874
2.504111
2.505366
2.505479
2.506175
2.5091
2.509591
2.50995
2.511336
2.512557
2.513623
2.515775
2.516804
2.517809
2.517939
2.520378
2.520458
2.520904
2.522057
2.522522
2.522681
2.524437
2.525835
2.527351
2.52747
2.529904
2.531344
2.532056
2.536481
2.536842
2.539206
2.541169
2.541189
2.541271
2.542278
2.543176
2.544591
2.545524
2.545681
2.546072
2.547083
2.547413
2.548082
2.548461
2.549028
2.549472
2.549899
2.550392
2.551097
2.551505
2.55549
2.555827
2.555952
2.557512
2.559775
2.560509
2.560955
2.561622
2.562937
2.563498
2.568105
2.568927
2.568997
2.569252
2.569316
2.571078
2.571548
2.57156
2.572771
2.572984
2.573649
2.575658
2.575988
2.578042
2.579528
2.580596
2.581344
2.585032
2.585848
2.586774
2.588522
2.5903
2.590616
2.592081
2.592763
2.593062
2.593905
2.594151
2.595967
2.595969
2.595988
2.596473
2.597833
2.597928
2.599244
2.599973
2.600164
2.600384
2.601023
2.601495
2.601634
2.603981
2.605607
2.606111
2.611301
2.611372
2.612264
2.613106
2.613727
2.616557
2.618838
2.618878
2.62014
2.620519
2.620563
2.620873
2.621875
2.622006
2.624008
2.624797
2.625574
2.626004
2.627891
2.628376
2.630596
2.63167
2.632527
2.636443
2.636713
2.638148
2.638463
2.638614
2.640412
2.641115
2.641634
2.642026
2.644566
2.645491
2.646087
2.646625
2.647456
2.649626
2.649635
2.650001
2.650327
2.650664
2.651765
2.652361
2.654282
2.656044
2.656724
2.656999
2.657242
2.661022
2.661039
2.662578
2.664629
2.664698
2.666538
2.667522
2.668466
2.668536
2.670283
2.671562
2.672354
2.673213
2.673275
2.67353
2.674317
2.676552
2.677739
2.677846
2.681812
2.681868
2.682911
2.683995
2.68626
2.687161
2.687557
2.689999
2.690018
2.690388
2.690874
2.692987
2.693524
2.694608
2.69503
2.695873
2.695982
2.697458
2.698905
2.699115
2.699932
2.700627
2.7007
2.700971
2.702078
2.702687
2.705308
2.705698
2.70604
2.706492
2.710182
2.710311
2.712745
2.714227
2.716297
2.71673
2.71826
2.718533
2.719322
2.721344
2.722594
2.722732
2.722842
2.72409
2.72491
2.724917
2.725696
2.726954
2.730289
2.73137
2.731574
2.732918
2.7356
2.736224
2.737008
2.737951
2.739187
2.740983
2.741042
2.741431
2.743641
2.74477
2.745645
2.745774
2.746184
2.746445
2.747114
2.747688
2.748456
2.749116
2.749368
2.749785
2.749795
2.751202
2.751402
2.753166
2.755071
2.755336
2.761256
2.761492
2.762396
2.762724
2.763107
2.76432
2.766564
2.769136
2.769201
2.769494
2.769925
2.770701
2.771276
2.771691
2.772829
2.772899
2.77345
2.775296
2.77721
2.778801
2.77882
2.781012
2.781223
2.782816
2.786424
2.786758
2.787905
2.788095
2.788908
2.789987
2.790089
2.792149
2.792249
2.792436
2.795225
2.795489
2.796462
2.796781
2.79787
2.799021
2.799284
2.799703
2.800624
2.802772
2.804492
2.805023
2.806075
2.806192
2.807162
2.80811
2.810531
2.811352
2.811708
2.811916
2.814158
2.814985
2.81795
2.818876
2.819015
2.820464
2.820657
2.820782
2.821256
2.821788
2.823529
2.823696
2.826678
2.827744
2.828813
2.830322
2.830509
2.831423
2.831463
2.836149
2.83747
2.838517
2.841227
2.841249
2.84135
2.841758
2.842466
2.843549
2.843812
2.845215
2.845491
2.847603
2.848525
2.849176
2.850117
2.851084
2.851381
2.851411
2.851961
2.852839
2.854046
2.85471
2.855781
2.856499
2.858295
2.860663
2.861427
2.861945
2.863015
2.867255
2.867813
2.869111
2.869324
2.869536
2.871744
2.872005
2.87257
2.873088
2.874374
2.874645
2.874992
2.876163
2.878124
2.878645
2.883021
2.88343
2.885485
2.885608
2.886338
2.888857
2.888875
2.89058
2.891789
2.892408
2.89309
2.893761
2.893984
2.894341
2.895479
2.895704
2.896361
2.896677
2.896972
2.897217
2.897475
2.900209
2.900458
2.900501
2.900563
2.900608
2.901396
2.903809
2.905023
2.906669
2.910473
2.910882
2.912058
2.914116
2.914236
2.918158
2.919165
2.919274
2.919575
2.920537
2.920983
2.921261
2.922877
2.923949
2.925228
2.926018
2.927364
2.927696
2.928159
2.930609
2.932395
2.932675
2.935131
2.937043
2.938162
2.939922
2.940029
2.940977
2.94113
2.941303
2.941473
2.943158
2.943467
2.944007
2.94544
2.9462
2.947386
2.948038
2.948129
2.94888
2.949137
2.950578
2.95062
2.95105
2.953114
2.954728
2.955508
2.956407
2.958289
2.959676
2.959711
2.960363
2.961918
2.963206
2.963604
2.966881
2.96695
2.969019
2.970229
2.971176
2.971415
2.972762
2.973307
2.97346
2.977543
2.977683
2.977742
2.980402
2.980834
2.980988
2.982058
2.985416
2.986834
2.987473
2.989224
2.989678
2.991783
2.992179
2.992396
2.994095
2.994536
2.994538
2.997154
2.997564
2.997915
2.998024
2.998779
2.998821
2.998865
3.000739
3.001079
3.001405
3.001986
3.005504
3.005595
3.005717
3.006051
3.008549
3.009262
3.010865
3.012095
3.013695
3.014019
3.016546
3.018541
3.019116
3.019444
3.020921
3.021296
3.022863
3.023745
3.023846
3.024922
3.025754
3.02598
3.027778
3.029226
3.030897
3.031299
3.033593
3.035522
3.036511
3.037473
3.038305
3.040534
3.040655
3.041069
3.042594
3.043634
3.043706
3.04413
3.044229
3.044896
3.045982
3.046551
3.047086
3.047189
3.047192
3.049595
3.049909
3.050117
3.050227
3.050284
3.051397
3.052568
3.053434
3.053877
3.054889
3.06041
3.060736
3.062264
3.063907
3.064121
3.066574
3.066976
3.068463
3.069705
3.070732
3.07099
3.071856
3.071887
3.07215
3.073981
3.075231
3.076368
3.077437
3.078537
3.080617
3.081856
3.082074
3.087098
3.087126
3.088193
3.088297
3.08933
3.089574
3.089984
3.090806
3.0913
3.091476
3.092841
3.094229
3.09456
3.095387
3.0954
3.096209
3.098536
3.098999
3.099812
3.100029
3.100533
3.100785
3.103128
3.106182
3.106742
3.106993
3.107746
3.10812
3.109539
3.110202
3.110425
3.111107
3.11319
3.114965
3.115884
3.117611
3.118021
3.120071
3.121917
3.121936
3.122347
3.123542
3.125078
3.126036
3.127708
3.127749
3.130054
3.130833
3.130992
3.135001
3.136306
3.136767
3.137375
3.139174
3.13923
3.139476
3.139858
3.140628
3.142048
3.142494
3.14374
3.144146
3.144479
3.146291
3.146616
3.147698
3.148189
3.148847
3.149146
3.149816
3.149916
3.150742
3.150761
3.152223
3.155109
3.155269
3.155421
3.155508
3.159409
3.160695
3.161759
3.16189
3.165406
3.166058
3.168018
3.168541
3.17007
3.171002
3.171581
3.172752
3.17347
3.173877
3.174531
3.176205
3.176372
3.177251
3.178818
3.180235
3.180305
3.181107
3.184058
3.184721
3.185638
3.186778
3.18854
3.189923
3.191131
3.192114
3.192435
3.19291
3.192919
3.193541
3.194946
3.194986
3.195853
3.196197
3.196889
3.197543
3.198501
3.199805
3.200053
3.200367
3.200894
3.200964
3.204092
3.204155
3.205032
3.208331
3.210189
3.21088
3.211872
3.213349
3.214126
3.215577
3.217478
3.219944
3.220522
3.220718
3.221168
3.221238
3.222564
3.224751
3.225544
3.225759
3.226466
3.227049
3.229542
3.230991
3.231723
3.232755
3.236434
3.23651
3.23668
3.237436
3.238341
3.238852
3.239993
3.240842
3.241306
3.241609
3.243425
3.24451
3.244553
3.244768
3.245404
3.245722
3.246522
3.248494
3.249231
3.24933
3.24933
3.250167
3.251742
3.253285
3.254689
3.25605
3.257202
3.257975
3.260725
3.260886
3.261057
3.263423
3.264388
3.265507
3.265584
3.267319
3.267982
3.271238
3.272373
3.272641
3.273027
3.273776
3.274063
3.274749
3.275129
3.276863
3.278722
3.279934
3.281719
3.282033
3.284917
3.286325
3.286482
3.289234
3.289615
3.290144
3.290645
3.290671
3.291287
3.293306
3.293378
3.29354
3.294347
3.295518
3.297108
3.297409
3.298112
3.298342
3.298604
3.299378
3.299802
3.301101
3.301111
3.301204
3.304727
3.30506
3.305513
3.306111
3.309657
3.310092
3.311692
3.311905
3.313703
3.315592
3.315626
3.318074
3.318578
3.318764
3.320681
3.322468
3.322514
3.322604
3.322731
3.323518
3.325997
3.326717
3.327412
3.329309
3.330238
3.331377
3.331755
3.33628
3.336408
3.336452
3.339267
3.339426
3.34049
3.341455
3.342278
3.342286
3.343385
3.343696
3.343798
3.344993
3.347097
3.347104
3.347204
3.349025
3.349233
3.349442
3.349679
3.349788
3.349869
3.351518
3.353823
3.354108
3.354211
3.359104
3.35985
3.360738
3.361853
3.362679
3.3641
3.364303
3.366731
3.367588
3.36763
3.368987
3.369291
3.369975
3.37091
3.372088
3.37299
3.375247
3.375691
3.377086
3.379878
3.380217
3.380449
3.380655
3.384756
3.387253
3.387858
3.3882
3.389325
3.389638
3.389923
3.390102
3.390494
3.392042
3.392168
3.392669
3.392843
3.39461
3.396002
3.396514
3.396819
3.39795
3.398615
3.399578
3.400036
3.400647
3.40068
3.40251
3.402789
3.403465
3.405567
3.406417
3.407201
3.408129
3.408889
3.409788
3.411207
3.4116
3.412306
3.414734
3.415689
3.41696
3.418807
3.419682
3.419862
3.420774
3.421374
3.422282
3.423507
3.424342
3.426864
3.4274
3.427626
3.429698
3.430824
3.432032
3.432277
3.432823
3.435312
3.435954
3.436708
3.439497
3.441085
3.441309
3.441625
3.441656
3.442799
3.44355
3.443925
3.444271
3.446748
3.447108
3.447925
3.448179
3.44826
3.448306
3.448823
3.45084
3.45121
3.451423
3.45169
3.452751
3.454754
3.455061
3.455164
3.45638
3.459026
3.459144
3.461832
3.461962
3.463807
3.466349
3.467036
3.468084
3.468134
3.46827
3.471223
3.47208
3.472588
3.472798
3.472885
3.474205
3.474214
3.476002
3.476182
3.477845
3.479244
3.480071
3.482227
3.48345
3.485627
3.486457
3.4881
3.489801
3.49055
3.490792
3.492276
3.492895
3.493221
3.49336
3.49444
3.49446
3.494495
3.494988
3.495107
3.496567
3.497001
3.497433
3.498238
3.499729
3.500064
3.500305
3.500412
3.500519
3.500873
3.503964
3.504826
3.506011
3.50881
3.51007
3.512146
3.513131
3.513346
3.51352
3.516621
3.517134
3.517657
3.519809
3.520003
3.520939
3.521154
3.521598
3.521932
3.522492
3.524247
3.526306
3.526964
3.527037
3.529556
3.53063
3.530696
3.533762
3.536313
3.536445
3.538862
3.538931
3.539201
3.540099
3.540315
3.540786
3.541493
3.541695
3.54423
3.544238
3.545274
3.546479
3.546773
3.547257
3.547992
3.548984
3.549677
3.549832
3.550549
3.550695
3.552912
3.553147
3.553519
3.555789
3.557103
3.558015
3.558728
3.559564
3.560064
3.560318
3.561501
3.562661
3.564724
3.565361
3.566967
3.568824
3.569039
3.57013
3.570271
3.572198
3.573171
3.57328
3.575348
3.577019
3.577698
3.577864
3.578941
3.581011
3.582271
3.582826
3.58596
3.586512
3.589116
3.589243
3.590122
3.590659
3.590856
3.59102
3.591764
3.594797
3.594832
3.595699
3.595959
3.596148
3.597209
3.59772
3.59782
3.59865
3.598933
3.599997
3.600873
3.601515
3.601661
3.602211
3.604486
3.605342
3.605581
3.607386
3.610056
3.610649
3.610676
3.61279
3.613446
3.613476
3.615038
3.616658
3.617571
3.618466
3.619054
3.621624
3.621691
3.622099
3.622516
3.622568
3.624536
3.625473
3.625649
3.627427
3.628815
3.629382
3.631165
3.632515
3.633257
3.635628
3.636748
3.637554
3.640303
3.640579
3.640626
3.640958
3.641593
3.642382
3.642666
3.642934
3.643023
3.64504
3.645286
3.646189
3.646535
3.646541
3.647495
3.648246
3.650068
3.650419
3.650516
3.650633
3.652963
3.654352
3.655348
3.655594
3.658188
3.659679
3.66087
3.662426
3.663915
3.664137
3.667636
3.668583
3.668734
3.668937
3.670022
3.670615
3.671072
3.671313
3.671614
3.671884
3.673691
3.674589
3.676039
3.676412
3.677574
3.678956
3.679634
3.681359
3.68316
3.685024
3.687026
3.687539
3.688636
3.68916
3.690653
3.690868
3.691109
3.691318
3.691507
3.694329
3.694725
3.694949
3.695308
3.696445
3.696486
3.699124
3.699801
3.700054
3.700318
3.700429
3.700734
3.701312
3.703022
3.703151
3.70524
3.705629
3.706431
3.70876
3.709359
3.710882
3.711381
3.711597
3.713265
3.713755
3.716364
3.717004
3.717997
3.719247
3.719918
3.721291
3.721519
3.723195
3.723833
3.724357
3.726049
3.726769
3.728326
3.729149
3.730057
3.731729
3.732473
3.735807
3.735925
3.736945
3.738244
3.739474
3.741312
3.741397
3.741938
3.742254
3.74261
3.743613
3.744144
3.746415
3.746577
3.746863
3.746968
3.747938
3.748149
3.748961
3.749781
3.750126
3.750427
3.750834
3.751168
3.755075
3.755526
3.755966
3.757289
3.758389
3.759049
3.760528
3.761221
3.762406
3.762832
3.767284
3.768343
3.768718
3.770365
3.770784
3.771447
3.771869
3.772812
3.773308
3.773481
3.774517
3.775959
3.778006
3.778686
3.779915
3.781287
3.782021
3.782338
3.783251
3.785944
3.786619
3.786634
3.787928
3.790181
3.790557
3.790979
3.791273
3.79297
3.793261
3.793319
3.794189
3.795673
3.795811
3.79608
3.79634
3.79711
3.797348
3.799619
3.799896
3.799901
3.800072
3.800317
3.80074
3.803304
3.804483
3.805534
3.805693
3.807473
3.810314
3.81043
3.812288
3.814099
3.816153
3.816616
3.818665
3.81887
3.818949
3.820008
3.820735
3.823013
3.823436
3.823902
3.824486
3.824704
3.826965
3.827934
3.827968
3.829047
3.829991
3.830619
3.832772
3.836453
3.836524
3.836811
3.837971
3.838119
3.838714
3.838869
3.840323
3.840873
3.840957
3.842489
3.843499
3.845029
3.845319
3.846528
3.84781
3.848347
3.848382
3.848493
3.848862
3.849627
3.8507
3.851646
3.852424
3.852454
3.853785
3.855695
3.858442
3.860054
3.86031
3.861136
3.861381
3.86451
3.864513
3.866924
3.866968
3.86838
3.86898
3.86953
3.869613
3.871659
3.872473
3.872852
3.873487
3.873998
3.876636
3.877778
3.87829
3.878938
3.879732
3.882116
3.883252
3.886532
3.886852
3.887504
3.887742
3.888714
3.89023
3.890923
3.891669
3.892275
3.893496
3.893626
3.895443
3.895585
3.895805
3.896585
3.896943
3.897671
3.898795
3.899658
3.89989
3.900875
3.90134
3.901436
3.902223
3.903633
3.904489
3.904745
3.905057
3.906078
3.909925
3.910631
3.911213
3.911336
3.912988
3.914086
3.916616
3.918564
3.918783
3.91936
3.919908
3.921606
3.922593
3.924214
3.924731
3.924859
3.926009
3.926893
3.927846
3.927972
3.929561
3.930406
3.931747
3.934071
3.935122
3.935321
3.936106
3.939565
3.940474
3.941748
3.942456
3.942809
3.94283
3.942979
3.94367
3.943807
3.943875
3.94394
3.945509
3.945908
3.945984
3.947331
3.948029
3.949743
3.949915
3.950321
3.950858
3.951135
3.951429
3.952836
3.953646
3.95581
3.957963
3.959807
3.960435
3.961289
3.964796
3.9666
3.967031
3.967279
3.968426
3.969537
3.970707
3.97105
3.971798
3.971948
3.972081
3.972849
3.974278
3.975049
3.976869
3.977597
3.977792
3.98121
3.981749
3.982904
3.987093
3.987199
3.988119
3.988301
3.988456
3.989215
3.990677
3.99107
3.991826
3.99201
3.992337
3.993701
3.994679
3.995522
3.996533
3.996821
3.998175
3.99846
3.999301
3.999324
4.000026
4.000061
4.000478
4.002972
4.003057
4.004613
4.004879
4.005829
4.009513
4.009517
4.009601
4.010392
4.013147
4.01367
4.015419
4.015913
4.017205
4.017655
4.019128
4.019142
4.021544
4.021575
4.022551
4.023466
4.026361
4.027196
4.027746
4.027776
4.02996
4.03004
4.032353
4.03303
4.034881
4.036104
4.037149
4.037507
4.038647
4.039254
4.040095
4.040327
4.04098
4.041329
4.04357
4.044449
4.044574
4.04569
4.04612
4.046602
4.047189
4.047681
4.04816
4.048832
4.048939
4.049133
4.04988
4.050497
4.05144
4.054086
4.055088
4.05551
4.058397
4.059921
4.060876
4.062552
4.062576
4.063012
4.064749
4.066294
4.067974
4.068035
4.069365
4.070883
4.071619
4.072879
4.073191
4.073777
4.075356
4.075371
4.077624
4.078074
4.078868
4.078874
4.081185
4.081399
4.082829
4.08586
4.086136
4.086821
4.089113
4.089572
4.090462
4.090683
4.091662
4.091875
4.092647
4.092672
4.094316
4.095229
4.095265
4.095441
4.096122
4.097511
4.097646
4.098255
4.099435
4.100064
4.100473
4.100525
4.100766
4.102628
4.103213
4.103589
4.105684
4.10752
4.110582
4.111072
4.113156
4.114315
4.114784
4.116674
4.116776
4.116887
4.11838
4.119676
4.120199
4.120592
4.121996
4.122085
4.123176
4.12527
4.126657
4.127055
4.127616
4.128572
4.130259
4.131355
4.132953
4.13561
4.135804
4.137432
4.138198
4.138613
4.140814
4.141121
4.141302
4.141511
4.142333
4.142653
4.144442
4.144818
4.145402
4.145403
4.146027
4.148351
4.148904
4.149616
4.149844
4.150017
4.150709
4.15161
4.153067
4.153161
4.15577
4.15631
4.156455
4.158809
4.160738
4.161085
4.161089
4.161096
4.163987
4.165361
4.168008
4.169401
4.169418
4.169746
4.171449
4.172426
4.173157
4.173574
4.174365
4.176713
4.176889
4.177859
4.17819
4.18132
4.181957
4.182048
4.185993
4.187496
4.187617
4.188925
4.189509
4.189583
4.19063
4.19065
4.193229
4.193643
4.194581
4.195061
4.196131
4.196171
4.196201
4.196762
4.198162
4.198949
4.198995
4.199791
4.200714
4.200775
4.201124
4.202478
4.204088
4.204355
4.205078
4.206402
4.209357
4.210711
4.211177
4.212091
4.214846
4.215488
4.218153
4.218369
4.21935
4.220367
4.220716
4.221613
4.222948
4.223679
4.223886
4.224746
4.225854
4.225961
4.22716
4.229963
4.231102
4.231236
4.232474
4.235645
4.236713
4.237713
4.237995
4.239627
4.240438
4.241508
4.242812
4.243246
4.243409
4.243716
4.244589
4.244984
4.245231
4.24598
4.246334
4.248814
4.249185
4.24962
4.249784
4.250328
4.2504
4.250854
4.253179
4.253937
4.254718
4.258836
4.260392
4.260497
4.261872
4.263764
4.264572
4.266101
4.267029
4.26768
4.268517
4.269077
4.270042
4.270677
4.271663
4.271706
4.273025
4.274244
4.277029
4.277082
4.277474
4.279275
4.281039
4.281587
4.281785
4.285767
4.286939
4.287139
4.287204
4.288883
4.290079
4.291126
4.291341
4.293194
4.294377
4.294651
4.295131
4.295173
4.295265
4.297173
4.297466
4.297741
4.299066
4.299281
4.299819
4.300299
4.302065
4.302801
4.305317
4.305512
4.307233
4.308931
4.310396
4.310734
4.311005
4.312507
4.31376
4.314515
4.315591
4.316988
4.319851
4.320184
4.320721
4.321294
4.321389
4.321977
4.32283
4.324369
4.326023
4.327511
4.327788
4.330515
4.332044
4.3321
4.332469
4.336194
4.336339
4.337372
4.338907
4.33895
4.340092
4.34106
4.341439
4.342112
4.342576
4.344344
4.344646
4.346819
4.346982
4.347267
4.347623
4.349223
4.349781
4.349968
4.35045
4.351134
4.352235
4.353538
4.355043
4.355399
4.355442
4.360225
4.360313
4.360981
4.361997
4.363822
4.365061
4.366255
4.368645
4.369034
4.369139
4.371616
4.371907
4.37232
4.372789
4.373126
4.373752
4.37397
4.377024
4.377445
4.379275
4.380025
4.380343
4.38155
4.38221
4.385733
4.385988
4.386205
4.388117
4.389075
4.390299
4.391713
4.391834
4.392689
4.392912
4.393802
4.395162
4.395542
4.396048
4.396222
4.397205
4.398787
4.399444
4.39983
4.40017
4.400446
4.400486
4.400516
4.400988
4.404506
4.40462
4.404721
4.405072
4.408842
4.411423
4.41145
4.411642
4.41327
4.41396
4.417116
4.417242
4.417615
4.419006
4.419418
4.420787
4.420907
4.422092
4.422998
4.424272
4.427064
4.427432
4.427831
4.427915
4.430336
4.43055
4.433771
4.436149
4.436695
4.437476
4.438224
4.439205
4.441322
4.441406
4.4422
4.442522
4.443151
4.44326
4.443311
4.444866
4.44551
4.445768
4.446548
4.448587
4.448649
4.448789
4.450278
4.450459
4.450821
4.453167
4.455876
4.456239
4.456463
4.458024
4.45899
4.459878
4.46046
4.460716
4.462442
4.463754
4.466926
4.468001
4.468552
4.469218
4.469233
4.471136
4.472336
4.472375
4.472798
4.473377
4.476722
4.477696
4.477791
4.478259
4.481462
4.481477
4.481967
4.484832
4.488206
4.48852
4.489093
4.489271
4.491337
4.491611
4.491617
4.491617
4.493693
4.494033
4.494166
4.496412
4.497184
4.497221
4.49793
4.498729
4.499201
4.500449
4.500956
4.501049
4.501109
4.503787
4.504684
4.504841
4.50547
4.506404
4.509316
4.510017
4.510721
4.512002
4.513192
4.516066
4.51681
4.517772
4.517784
4.519397
4.520525
4.520547
4.522794
4.522893
4.523255
4.523686
4.523927
4.526565
4.528224
4.530277
4.531345
4.532413
4.533233
4.534049
4.536649
4.537517
4.54015
4.540475
4.540648
4.540731
4.541524
4.541818
4.543166
4.543173
4.544512
4.544887
4.546635
4.54722
4.547525
4.54876
4.548815
4.549256
4.549791
4.550476
4.551226
4.55145
4.552953
4.553758
4.555073
4.556732
4.55786
4.559889
4.561328
4.562308
4.562453
4.562959
4.566631
4.566932
4.568706
4.568758
4.569326
4.570028
4.571143
4.571729
4.572004
4.574273
4.574556
4.577157
4.578024
4.578418
4.580591
4.580744
4.58239
4.585451
4.586821
4.587213
4.589204
4.59003
4.590114
4.590524
4.591136
4.592385
4.592447
4.593341
4.595342
4.595458
4.595955
4.596528
4.597833
4.598838
4.598857
4.599342
4.599874
4.601851
4.602596
4.604682
4.605935
4.606243
4.606543
4.607286
4.609915
4.610765
4.611055
4.611098
4.612379
4.613784
4.615662
4.616729
4.618467
4.61907
4.619195
4.621424
4.621429
4.623381
4.623587
4.623756
4.626178
4.626848
4.627326
4.629971
4.63122
4.633083
4.636094
4.636213
4.638078
4.639372
4.639483
4.640662
4.640835
4.642787
4.644163
4.644654
4.646091
4.646479
4.646523
4.646586
4.646956
4.647842
4.647844
4.648175
4.649126
4.649405
4.651249
4.651453
4.65379
4.654661
4.654727
4.655074
4.658972
4.659306
4.660074
4.660304
4.660583
4.663008
4.663364
4.665071
4.667206
4.667818
4.668006
4.669168
4.670736
4.671633
4.671897
4.672728
4.672797
4.673887
4.674099
4.675845
4.678501
4.678968
4.680238
4.681822
4.682385
4.68581
4.685837
4.687198
4.689486
4.689623
4.691304
4.691483
4.69216
4.692226
4.692965
4.693176
4.694183
4.694842
4.695279
4.696548
4.697084
4.697634
4.699054
4.699487
4.699677
4.700779
4.700942
4.701453
4.703508
4.703994
4.705695
4.708303
4.710791
4.711058
4.711075
4.712314
4.713031
4.713386
4.71575
4.717654
4.718858
4.718863
4.71892
4.719923
4.720179
4.721845
4.722106
4.723876
4.724071
4.726961
4.727756
4.729595
4.729666
4.73189
4.732285
4.735301
4.736711
4.738219
4.739674
4.739967
4.740303
4.740652
4.741212
4.741527
4.742147
4.744211
4.745528
4.745563
4.746346
4.747544
4.749011
4.749298
4.749773
4.750376
4.75059
4.752349
4.752832
4.755034
4.755346
4.756626
4.759173
4.759327
4.759566
4.760102
4.760305
4.762631
4.764432
4.764766
4.765936
4.76716
4.767829
4.768286
4.771173
4.771663
4.772074
4.773122
4.773385
4.77449
4.776731
4.777802
4.777908
4.778301
4.779856
4.781489
4.7826
4.785798
4.787539
4.788211
4.788276
4.789734
4.790547
4.791003
4.792775
4.793052
4.794015
4.794809
4.795913
4.796737
4.797215
4.797411
4.797897
4.799352
4.800007
4.8009
4.801066
4.802299
4.802402
4.803604
4.805079
4.805461
4.806305
4.809809
4.810495
4.810515
4.812259
4.812873
4.813731
4.815076
4.8162
4.817483
4.818327
4.818592
4.821028
4.821728
4.822329
4.822907
4.8238
4.824157
4.824796
4.825468
4.826437
4.829065
4.830852
4.831422
4.833492
4.834809
4.835843
4.837013
4.837447
4.83767
4.840707
4.841803
4.84184
4.842221
4.842744
4.843772
4.844659
4.844788
4.845246
4.846023
4.847024
4.847234
4.84915
4.849708
4.850281
4.850409
4.850413
4.851554
4.854619
4.854977
4.855268
4.858897
4.859504
4.862415
4.862463
4.863391
4.863644
4.866643
4.867915
4.868346
4.868957
4.869976
4.870352
4.870651
4.872028
4.872344
4.872989
4.873096
4.873851
4.876678
4.878079
4.878496
4.879814
4.882506
4.882804
4.885196
4.88704
4.888117
4.888161
4.888219
4.889494
4.891089
4.891531
4.893213
4.894212
4.895181
4.895505
4.896922
4.896982
4.897349
4.898325
4.898785
4.899328
4.900872
4.900964
4.901539
4.902123
4.90215
4.905404
4.905661
4.907139
4.908177
4.909331
4.910405
4.911542
4.911699
4.91448
4.916945
4.917946
4.918865
4.919284
4.919843
4.921643
4.921918
4.923205
4.923391
4.923673
4.926416
4.926776
4.92761
4.928512
4.929633
4.930368
4.932372
4.935473
4.936053
4.938639
4.939673
4.940228
4.940237
4.941885
4.942035
4.943466
4.943663
4.944874
4.946143
4.946427
4.946837
4.947126
4.947761
4.948903
4.949141
4.95033
4.950464
4.951041
4.95109
4.953617
4.954563
4.954649
4.95478
4.959513
4.960031
4.960732
4.96171
4.962881
4.965106
4.965147
4.967329
4.967442
4.967644
4.96919
4.970977
4.971412
4.971738
4.971862
4.973309
4.973842
4.974704
4.974905
4.975847
4.977119
4.977461
4.980599
4.981431
4.982499
4.985002
4.986307
4.986882
4.987398
4.989243
4.991613
4.991664
4.991744
4.992767
4.993099
4.993788
4.994188
4.995791
4.997551
4.998251
4.998254
4.998283
5.000114
5.000219
5.000458
5.000465
5.000775
5.004087
5.004567
5.005018
5.008882
5.010818
5.012325
5.012392
5.012588
5.012619
5.01484
5.016239
5.017168
5.017293
5.019792
5.019976
5.020328
5.020985
5.021922
5.022115
5.023287
5.025353
5.025559
5.028495
5.028609
5.03035
5.032809
5.033124
5.036606
5.03716
5.037713
5.038871
5.039908
5.040724
5.041171
5.041544
5.042568
5.043882
5.044415
5.045231
5.045458
5.045623
5.046262
5.047608
5.048059
5.048974
5.049878
5.050609
5.051017
5.051615
5.052636
5.054809
5.055418
5.057491
5.05818
5.059106
5.060057
5.061112
5.062754
5.063016
5.063895
5.065314
5.066914
5.068296
5.068912
5.070928
5.071329
5.072501
5.073227
5.073398
5.075743
5.076136
5.077782
5.078915
5.079477
5.080545
5.082881
5.085967
5.086221
5.087542
5.088764
5.089202
5.089357
5.089675
5.090641
5.090778
5.092115
5.093496
5.095843
5.095901
5.096485
5.097063
5.097164
5.097799
5.098475
5.098492
5.099572
5.099634
5.100137
5.101312
5.101477
5.105174
5.105813
5.106092
5.108105
5.109948
5.11049
5.112422
5.113346
5.11343
5.11468
5.11684
5.11814
5.118398
5.119182
5.120572
5.12168
5.121937
5.122398
5.123705
5.124032
5.124143
5.12555
5.127194
5.12929
5.130284
5.132642
5.134443
5.135676
5.135848
5.13874
5.139668
5.140601
5.142161
5.142381
5.142749
5.143883
5.144567
5.14471
5.144982
5.145586
5.146031
5.146078
5.146525
5.148884
5.149342
5.149599
5.150463
5.150592
5.15103
5.153629
5.154331
5.156497
5.156594
5.158275
5.158947
5.159428
5.161477
5.162606
5.16333
5.1634
5.165636
5.167241
5.167758
5.168947
5.169351
5.170276
5.170988
5.171257
5.171958
5.174298
5.176087
5.176484
5.178526
5.178609
5.180677
5.181442
5.181875
5.186163
5.186364
5.189205
5.189917
5.191593
5.19205
5.192128
5.192162
5.192372
5.194405
5.196465
5.196532
5.196568
5.198139
5.198649
5.199439
5.19952
5.19967
5.200111
5.201848
5.201973
5.203193
5.20571
5.206124
5.207761
5.208262
5.209783
5.210644
5.211118
5.213646
5.214709
5.2158
5.215847
5.217017
5.217854
5.218192
5.218402
5.220781
5.221273
5.222333
5.222404
5.222508
5.224607
5.225372
5.227815
5.229006
5.230717
5.231118
5.233127
5.235339
5.237039
5.237225
5.238242
5.238772
5.239901
5.240136
5.241858
5.242396
5.24364
5.243934
5.244673
5.244882
5.245861
5.24644
5.247234
5.247271
5.249744
5.249913
5.249947
5.250146
5.250158
5.250263
5.250428
5.254119
5.255001
5.25585
5.256059
5.259243
5.260481
5.26102
5.26109
5.262876
5.26509
5.267844
5.26833
5.269403
5.269609
5.27007
5.270818
5.273733
5.273814
5.273821
5.27392
5.275187
5.276225
5.276688
5.278487
5.28033
5.281362
5.283182
5.28568
5.286537
5.286886
5.288006
5.289892
5.290742
5.290847
5.290982
5.292004
5.29217
5.292677
5.293233
5.295056
5.295157
5.296062
5.297547
5.298642
5.298984
5.299258
5.300363
5.300431
5.300459
5.300787
5.301576
5.303769
5.305073
5.305623
5.307871
5.311152
5.311747
5.312777
5.313116
5.313271
5.316227
5.316283
5.318574
5.319624
5.319716
5.319952
5.320167
5.322126
5.323218
5.323397
5.324266
5.326714
5.326998
5.329674
5.330681
5.331271
5.332744
5.337171
5.337237
5.337922
5.338988
5.339775
5.340407
5.340707
5.342544
5.344295
5.34447
5.344818
5.345574
5.345971
5.346973
5.348067
5.349033
5.349242
5.349318
5.3496
5.349606
5.351851
5.353203
5.353905
5.354819
5.355493
5.355678
5.357191
5.359765
5.360028
5.360281
5.361431
5.363326
5.363712
5.367024
5.367249
5.368681
5.370923
5.372092
5.372358
5.372969
5.373285
5.37461
5.375749
5.377584
5.377819
5.380101
5.380956
5.381382
5.385365
5.386244
5.389299
5.389685
5.390483
5.391537
5.391686
5.392132
5.393607
5.395195
5.39542
5.39585
5.397075
5.397168
5.397622
5.398237
5.399231
5.399232
5.399655
5.399753
5.400264
5.400522
5.402961
5.403417
5.405609
5.405796
5.409581
5.409761
5.411896
5.412024
5.412438
5.412584
5.414287
5.416183
5.418198
5.418417
5.418427
5.421315
5.421926
5.42265
5.422916
5.423764
5.423779
5.423825
5.424498
5.425458
5.427677
5.427915
5.428135
5.430375
5.432511
5.433445
5.435687
5.436887
5.437538
5.43761
5.440222
5.440744
5.441142
5.441243
5.442559
5.442647
5.443056
5.443239
5.445267
5.445916
5.446055
5.446266
5.447234
5.448649
5.449593
5.449663
5.450432
5.450436
5.45058
5.453735
5.455496
5.456114
5.45832
5.460248
5.460522
5.461659
5.462426
5.465591
5.466775
5.467159
5.467718
5.468719
5.469321
5.470558
5.471026
5.471057
5.471536
5.473615
5.475986
5.476099
5.477444
5.47811
5.478618
5.479038
5.480447
5.482462
5.487183
5.487749
5.488148
5.48899
5.490112
5.490378
5.491261
5.492166
5.492551
5.49361
5.495302
5.495998
5.496555
5.496872
5.49903
5.499077
5.49975
5.500119
5.50036
5.503204
5.503457
5.504824
5.505658
5.507445
5.508303
5.509125
5.509971
5.510669
5.514803
5.516321
5.517027
5.518023
5.518231
5.520096
5.521197
5.521444
5.522514
5.523328
5.523813
5.524194
5.526974
5.527294
5.527757
5.527824
5.52929
5.530412
5.53258
5.532757
5.535383
5.537186
5.537236
5.540275
5.540393
5.540691
5.540863
5.541543
5.541738
5.543378
5.543937
5.544919
5.546186
5.546731
5.546853
5.547674
5.548069
5.548822
5.550059
5.550166
5.550815
5.551485
5.552271
5.554172
5.554886
5.555487
5.555957
5.559252
5.561047
5.561506
5.561965
5.562882
5.565097
5.56642
5.566963
5.568583
5.569045
5.569369
5.569872
5.571691
5.572036
5.57303
5.573459
5.574936
5.57515
5.575692
5.57796
5.579318
5.581041
5.581445
5.583516
5.584879
5.586441
5.586866
5.58897
5.589616
5.591178
5.591859
5.592319
5.592599
5.593122
5.593593
5.594759
5.595065
5.59627
5.596478
5.597672
5.597985
5.598054
5.598917
5.599176
5.599573
5.59974
5.601209
5.601585
5.603978
5.605138
5.607337
5.609511
5.610821
5.612196
5.612345
5.612956
5.614258
5.615017
5.616047
5.616934
5.617217
5.61948
5.620001
5.620726
5.621966
5.622054
5.623428
5.624193
5.625022
5.627805
5.628517
5.628628
5.629639
5.631479
5.633827
5.637112
5.637245
5.638176
5.63999
5.640518
5.641061
5.641582
5.642088
5.642235
5.646109
5.646579
5.646739
5.648683
5.648818
5.649107
5.64948
5.649875
5.650858
5.650908
5.652191
5.654669
5.655915
5.655945
5.659796
5.660162
5.660197
5.660402
5.660824
5.661996
5.662431
5.662948
5.665495
5.667915
5.669319
5.670101
5.671112
5.671708
5.672785
5.673774
5.674505
5.67476
5.6749
5.676362
5.677519
5.677933
5.680002
5.681072
5.681602
5.686142
5.68712
5.687482
5.689119
5.690239
5.691062
5.691139
5.691907
5.693699
5.693744
5.694911
5.697182
5.697287
5.698247
5.698474
5.69857
5.699002
5.700701
5.700937
5.701859
5.701937
5.704552
5.70513
5.705873
5.706134
5.706824
5.707093
5.710139
5.711611
5.713045
5.713831
5.715101
5.717433
5.717638
5.717816
5.717979
5.719991
5.720658
5.721717
5.722179
5.722725
5.722832
5.723528
5.723749
5.726298
5.728348
5.728817
5.730114
5.732451
5.732591
5.734077
5.736284
5.736566
5.737362
5.739167
5.739666
5.741393
5.74165
5.742862
5.743038
5.743929
5.745242
5.746362
5.746368
5.747171
5.747241
5.749555
5.750401
5.7508
5.751374
5.751748
5.75259
5.753726
5.754251
5.756324
5.75643
5.75662
5.75807
5.760211
5.760962
5.761069
5.76242
5.762426
5.763692
5.766573
5.766727
5.76831
5.768799
5.769293
5.770215
5.771442
5.772038
5.773725
5.77405
5.774098
5.776048
5.777985
5.778306
5.780259
5.781507
5.781806
5.786183
5.787253
5.787565
5.789014
5.790389
5.791172
5.791444
5.791625
5.792246
5.793214
5.795061
5.796039
5.796262
5.796743
5.799424
5.799913
5.800111
5.80059
5.800867
5.800966
5.803274
5.805861
5.806279
5.806493
5.806765
5.80716
5.807371
5.809804
5.81057
5.811079
5.811137
5.812732
5.813729
5.817891
5.818038
5.818345
5.818802
5.82121
5.821932
5.822284
5.822716
5.823785
5.825302
5.826232
5.827785
5.82781
5.828996
5.830889
5.831417
5.83523
5.835941
5.836503
5.836668
5.839112
5.839366
5.841576
5.842705
5.843611
5.843998
5.844512
5.84478
5.846239
5.846358
5.846362
5.846899
5.847936
5.848643
5.848753
5.848923
5.84991
5.85089
5.851177
5.851791
5.854801
5.855136
5.856257
5.857053
5.859442
5.861517
5.862047
5.862893
5.865271
5.866251
5.867912
5.868197
5.869222
5.870488
5.871767
5.872713
5.872774
5.872938
5.873451
5.873663
5.875941
5.876552
5.878369
5.882064
5.882591
5.885038
5.886359
5.88644
5.888359
5.889626
5.890595
5.891529
5.891644
5.891934
5.893213
5.895159
5.89635
5.896722
5.897021
5.897255
5.897322
5.8977
5.899505
5.899715
5.900315
5.900436
5.90173
5.9047
5.905118
5.905789
5.905897
5.907461
5.907843
5.909206
5.911495
5.911781
5.914209
5.914503
5.916666
5.917938
5.91804
5.918364
5.919565
5.919829
5.920013
5.921246
5.922461
5.923112
5.92353
5.923578
5.927934
5.928511
5.930701
5.931147
5.932155
5.934028
5.935972
5.936799
5.93898
5.939003
5.939554
5.940673
5.941104
5.941247
5.942283
5.943384
5.944561
5.944942
5.945191
5.947022
5.94824
5.948625
5.949318
5.9498
5.950401
5.950642
5.951839
5.952388
5.952884
5.954616
5.955513
5.955921
5.959807
5.960451
5.960925
5.962405
5.962453
5.962734
5.966868
5.968717
5.970109
5.971277
5.971321
5.971629
5.972203
5.973525
5.973632
5.974135
5.97594
5.977117
5.977164
5.979497
5.979639
5.982149
5.986916
5.987392
5.988565
5.988941
5.990319
5.991582
5.991617
5.992405
5.992906
5.994256
5.994827
5.995327
5.995658
5.995869
5.996202
5.997678
5.997713
5.99826
5.999487
6.000292
6.000498
6.000626
6.001475
6.003809
6.003915
6.004288
6.004596
6.005453
6.009135
6.010269
6.013044
6.013072
6.016014
6.017113
6.017199
6.018065
6.020697
6.021493
6.0217
6.023076
6.023373
6.023737
6.025175
6.026275
6.026673
6.029322
6.030252
6.030953
6.033726
6.034704
6.034945
6.036477
6.036578
6.037872
6.039104
6.040323
6.040907
6.042938
6.042962
6.043257
6.045557
6.046501
6.047247
6.047276
6.047286
6.047501
6.049053
6.049061
6.049719
6.050086
6.053615
6.05412
6.054752
6.056483
6.057974
6.059857
6.059915
6.06122
6.06136
6.061481
6.063821
6.064427
6.066135
6.066496
6.066738
6.068805
6.069845
6.070783
6.071779
6.072716
6.073598
6.075113
6.076466
6.076883
6.078231
6.079237
6.081344
6.082735
6.086002
6.086214
6.086503
6.088094
6.089394
6.091392
6.091424
6.092078
6.092353
6.093428
6.095322
6.095389
6.095719
6.096901
6.097116
6.097455
6.098039
6.098905
6.099732
6.099835
6.10003
6.100687
6.100806
6.100874
6.102614
6.104225
6.104796
6.105044
6.109698
6.109939
6.110812
6.111738
6.114806
6.117046
6.118901
6.119185
6.120926
6.121714
6.122138
6.122465
6.123636
6.125426
6.126528
6.127493
6.127994
6.128339
6.12901
6.13209
6.132399
6.135479
6.137793
6.137891
6.138253
6.139387
6.141562
6.14288
6.142994
6.14363
6.143948
6.144277
6.145238
6.145578
6.146191
6.147941
6.147967
6.148259
6.149495
6.149878
6.150438
6.150465
6.151257
6.155012
6.155354
6.15814
6.158767
6.160138
6.163254
6.163475
6.164049
6.16546
6.166185
6.16787
6.168217
6.169701
6.170432
6.170499
6.170752
6.170893
6.171275
6.172847
6.173056
6.176017
6.176062
6.177145
6.178332
6.180844
6.181808
6.182131
6.185565
6.185881
6.187952
6.188891
6.189699
6.19078
6.191548
6.19189
6.193314
6.195015
6.195616
6.196108
6.196186
6.196257
6.197576
6.198875
6.199248
6.200813
6.201051
6.201459
6.202154
6.204917
6.20513
6.205528
6.206528
6.207809
6.20788
6.209423
6.209564
6.210759
6.212361
6.21443
6.21567
6.216245
6.217699
6.218808
6.220013
6.221088
6.22215
6.223053
6.224698
6.224907
6.226166
6.227642
6.228537
6.230715
6.230985
6.232846
6.236445
6.237265
6.238768
6.239776
6.24045
6.241151
6.241255
6.241296
6.241966
6.243893
6.244814
6.246565
6.247198
6.247395
6.247894
6.248542
6.248954
6.249274
6.249374
6.250522
6.25131
6.251334
6.251985
6.252214
6.25299
6.253761
6.25609
6.25626
6.256684
6.259214
6.260112
6.261039
6.262642
6.263532
6.267052
6.267921
6.268818
6.270739
6.271294
6.271852
6.27212
6.273283
6.274432
6.275478
6.275494
6.275533
6.278129
6.278264
6.280021
6.280089
6.282443
6.286069
6.286552
6.287392
6.288918
6.291148
6.29163
6.291889
6.292962
6.293239
6.293259
6.293954
6.295063
6.295983
6.296936
6.297132
6.297266
6.297608
6.298948
6.299189
6.299282
6.299841
6.300363
6.300738
6.301305
6.305425
6.30569
6.305839
6.31014
6.311533
6.312067
6.312694
6.315121
6.31715
6.318368
6.319434
6.320706
6.320773
6.320783
6.322054
6.3225
6.324236
6.324378
6.325663
6.325933
6.326159
6.326278
6.329091
6.330816
6.33191
6.332726
6.335463
6.336139
6.338004
6.338047
6.339704
6.340881
6.341266
6.342098
6.34402
6.344193
6.344752
6.345244
6.346608
6.34661
6.34733
6.349452
6.34974
6.349793
6.349905
6.353911
6.354215
6.354864
6.35506
6.355133
6.356484
6.357512
6.35768
6.359821
6.360668
6.361038
6.362509
6.364436
6.365054
6.366441
6.368404
6.369017
6.370099
6.370813
6.372732
6.373087
6.373124
6.374362
6.376846
6.377449
6.378032
6.379619
6.380994
6.38216
6.387893
6.388266
6.390359
6.391188
6.391522
6.391581
6.391705
6.393259
6.394714
6.394995
6.395328
6.395786
6.396959
6.397747
6.397837
6.398414
6.398918
6.400143
6.400532
6.400989
6.401828
6.402687
6.402781
6.403231
6.40491
6.405293
6.406375
6.410082
6.41028
6.410682
6.41143
6.412878
6.41301
6.413741
6.416551
6.417914
6.41888
6.42047
6.420925
6.422472
6.423304
6.423646
6.424009
6.426274
6.427508
6.427669
6.427783
6.42946
6.43061
6.431824
6.432304
6.43359
6.435721
6.436499
6.43731
6.438264
6.440329
6.441361
6.44157
6.443883
6.443923
6.443958
6.445172
6.445987
6.446686
6.446884
6.446892
6.447366
6.447886
6.448671
6.448704
6.450006
6.450487
6.45135
6.454044
6.455542
6.45561
6.460135
6.460534
6.461858
6.462829
6.46357
6.465128
6.466369
6.467438
6.468644
6.469513
6.470758
6.471681
6.472472
6.472504
6.473023
6.473748
6.474635
6.47709
6.478362
6.478758
6.478962
6.479579
6.48248
6.482545
6.485448
6.486602
6.487129
6.487606
6.488879
6.48929
6.491176
6.491766
6.492317
6.493029
6.495416
6.496101
6.496263
6.497195
6.497581
6.499405
6.500116
6.500124
6.500335
6.500455
6.503497
6.505135
6.505163
6.505215
6.507206
6.507732
6.507944
6.507953
6.509512
6.510483
6.51081
6.511311
6.513439
6.515508
6.515774
6.517463
6.518777
6.518817
6.520125
6.521383
6.522092
6.522165
6.523408
6.524286
6.525943
6.527647
6.528545
6.52954
6.530226
6.53053
6.532534
6.536953
6.538675
6.539272
6.540164
6.541265
6.54209
6.542197
6.542945
6.543406
6.544567
6.545079
6.54561
6.546737
6.54797
6.548458
6.549147
6.549925
6.550002
6.550476
6.550808
6.550993
6.552638
6.55315
6.554847
6.555068
6.555738
6.560515
6.560964
6.561182
6.562991
6.563638
6.563932
6.567468
6.567873
6.568118
6.57137
6.572386
6.572473
6.572546
6.573556
6.574129
6.574227
6.574718
6.57541
6.576502
6.577854
6.579024
6.579823
6.580741
6.582165
6.585465
6.586294
6.586456
6.589133
6.591393
6.59155
6.59234
6.592968
6.593518
6.593591
6.593764
6.594867
6.595631
6.596837
6.596994
6.597154
6.597582
6.598023
6.598235
6.599725
6.600624
6.601515
6.601787
6.603182
6.604331
6.604739
6.604871
6.605162
6.609136
6.610939
6.611373
6.612287
6.616413
6.617237
6.61844
6.61848
6.61961
6.619682
6.620685
6.620782
6.621509
6.622725
6.622758
6.623034
6.624765
6.626095
6.627759
6.628367
6.632411
6.632478
6.633836
6.636905
6.63693
6.638493
6.63958
6.639784
6.640677
6.640955
6.641333
6.642769
6.643275
6.645069
6.646006
6.646194
6.647304
6.647586
6.648385
6.648983
6.649617
6.649803
6.652468
6.65345
6.653641
6.654805
6.656377
6.656384
6.657208
6.657371
6.65885
6.66043
6.662212
6.662984
6.663011
6.666686
6.667119
6.667754
6.669036
6.669656
6.669825
6.672076
6.672177
6.67446
6.674463
6.677482
6.677548
6.677815
6.678434
6.680725
6.68093
6.682926
6.686948
6.688961
6.689027
6.690205
6.690695
6.691087
6.691414
6.691792
6.694814
6.695875
6.696433
6.696499
6.697134
6.697906
6.698066
6.699068
6.699256
6.699311
6.69977
6.699888
6.700687
6.701813
6.702247
6.702764
6.705214
6.705478
6.705519
6.705824
6.708956
6.711473
6.711688
6.712789
6.713816
6.717063
6.718406
6.718801
6.719892
6.721363
6.721435
6.722545
6.722996
6.723232
6.724444
6.725575
6.726724
6.727844
6.727862
6.728823
6.731074
6.732255
6.737008
6.738273
6.738415
6.739016
6.739415
6.741826
6.742582
6.742973
6.743915
6.743932
6.74468
6.74473
6.74597
6.74618
6.746962
6.747001
6.747295
6.748242
6.748944
6.74947
6.75003
6.75052
6.750928
6.751165
6.751309
6.755069
6.755521
6.755717
6.759187
6.760064
6.762592
6.762919
6.765066
6.767033
6.768209
6.768238
6.768378
6.769561
6.769721
6.771689
6.771922
6.772038
6.772427
6.773625
6.774784
6.775104
6.777173
6.77895
6.781415
6.781739
6.783485
6.785805
6.787653
6.787919
6.7886
6.789723
6.790373
6.790793
6.792877
6.793408
6.793962
6.795146
6.796697
6.79746
6.797969
6.799926
6.800703
6.800831
6.801275
6.802474
6.80258
6.803927
6.804267
6.804836
6.80486
6.807192
6.807235
6.808208
6.810168
6.810238
6.811334
6.812576
6.813184
6.813586
6.814085
6.815708
6.817758
6.818832
6.819021
6.820039
6.822072
6.822591
6.824352
6.825136
6.825915
6.828226
6.828551
6.828894
6.8328
6.833866
6.837283
6.837964
6.838032
6.840033
6.84049
6.841524
6.842038
6.842417
6.84331
6.843771
6.844152
6.846728
6.848003
6.848598
6.848781
6.848928
6.849722
6.849881
6.850943
6.851125
6.852211
6.852548
6.854244
6.854696
6.854711
6.856177
6.856511
6.859015
6.86144
6.861694
6.863643
6.863706
6.868931
6.869072
6.869141
6.869345
6.870774
6.871481
6.871918
6.873597
6.873655
6.873731
6.874511
6.875148
6.877795
6.87787
6.879186
6.880318
6.882344
6.884048
6.885497
6.885685
6.887085
6.889592
6.89041
6.890612
6.892929
6.8939
6.893994
6.894542
6.895004
6.895429
6.896029
6.896975
6.897386
6.897791
6.897867
6.898622
6.899101
6.900858
6.90101
6.901102
6.901175
6.901318
6.90143
6.904836
6.905345
6.906222
6.909816
6.909903
6.912886
6.913027
6.915724
6.915884
6.918663
6.918671
6.919166
6.919237
6.919923
6.920672
6.921884
6.922765
6.922771
6.92399
6.924696
6.92504
6.927549
6.928076
6.930636
6.931911
6.932826
6.936582
6.936826
6.937326
6.938654
6.939004
6.941354
6.941556
6.94203
6.943753
6.943876
6.945339
6.946102
6.946694
6.947207
6.947282
6.948712
6.948715
6.948999
6.949413
6.949837
6.951483
6.95406
6.954151
6.955673
6.956214
6.956222
6.9579
6.958246
6.960081
6.960256
6.960399
6.962787
6.965526
6.966692
6.967899
6.968694
6.969571
6.970307
6.971829
6.973075
6.973359
6.974144
6.975492
6.977471
6.978243
6.979287
6.979737
6.981035
6.981831
6.987901
6.988098
6.988156
6.989102
6.990399
6.99121
6.9918
6.992513
6.994218
6.994746
6.995272
6.996038
6.997119
6.997406
6.997889
6.999609
6.999647
6.999803
7.000151
7.000551
7.000899
7.000954
7.001132
7.003
7.00385
7.005553
7.006082
7.006532
7.008662
7.010192
7.011074
7.012306
7.015179
7.015634
7.017043
7.017392
7.019348
7.020147
7.021206
7.021681
7.022442
7.022735
7.023633
7.02431
7.024452
7.025404
7.025522
7.027806
7.028517
7.029543
7.030112
7.032611
7.036109
7.036746
7.037209
7.039065
7.04049
7.041478
7.042057
7.04229
7.043728
7.044008
7.044067
7.044664
7.046289
7.046501
7.046828
7.048032
7.048221
7.048971
7.049038
7.049863
7.05051
7.050529
7.05162
7.052319
7.052376
7.054074
7.054228
7.05484
7.060104
7.060553
7.062426
7.063082
7.065902
7.066448
7.067669
7.068248
7.06827
7.070721
7.070848
7.071621
7.071758
7.071816
7.072925
7.073068
7.073836
7.075932
7.077199
7.079044
7.080852
7.08144
7.083046
7.086141
7.08685
7.088048
7.08866
7.089348
7.091956
7.092025
7.092408
7.093931
7.094017
7.095162
7.095352
7.097282
7.09795
7.098876
7.099698
7.100435
7.102633
7.103453
7.104827
7.105156
7.106011
7.106227
7.106876
7.107901
7.107936
7.108867
7.110202
7.110489
7.111647
7.111829
7.112244
7.113939
7.115733
7.116547
7.117799
7.11984
7.120112
7.121049
7.122183
7.1231
7.123662
7.125145
7.126495
7.126706
7.128681
7.129398
7.129617
7.130303
7.131287
7.132691
7.135979
7.139183
7.139634
7.139722
7.139871
7.141283
7.141417
7.1426
7.144274
7.145353
7.145636
7.146322
7.147269
7.147803
7.148388
7.148543
7.148734
7.150009
7.150544
7.150782
7.150813
7.151155
7.152223
7.153546
7.155477
7.15575
7.155976
7.157228
7.159621
7.159753
7.160012
7.162773
7.163075
7.166078
7.168833
7.169289
7.169384
7.171195
7.171862
7.172007
7.172781
7.173417
7.173952
7.175521
7.175715
7.176164
7.177473
7.178488
7.181751
7.181755
7.184388
7.187286
7.187602
7.188205
7.188688
7.188885
7.191595
7.191848
7.191999
7.192575
7.193156
7.193936
7.194755
7.195576
7.19594
7.196282
7.197609
7.19778
7.198209
7.198291
7.198829
7.199868
7.200045
7.200275
7.200799
7.201179
7.201277
7.205012
7.205291
7.210252
7.21111
7.213043
7.213102
7.214436
7.215441
7.217487
7.217682
7.21949
7.219529
7.220247
7.220738
7.220813
7.221151
7.222258
7.222804
7.223734
7.224044
7.225499
7.22762
7.228843
7.231264
7.232557
7.232582
7.234304
7.236932
7.2376
7.238105
7.238115
7.238664
7.240355
7.24111
7.241905
7.242707
7.243523
7.244365
7.245115
7.24563
7.246314
7.246538
7.246608
7.247004
7.248624
7.249393
7.249458
7.24949
7.24955
7.250491
7.254015
7.254532
7.254728
7.255235
7.257873
7.257952
7.258438
7.259813
7.261679
7.263463
7.264529
7.265711
7.267579
7.26898
7.26958
7.272101
7.272365
7.272982
7.273964
7.274149
7.276505
7.277532
7.278251
7.279671
7.280765
7.281591
7.282877
7.287048
7.287793
7.28939
7.289843
7.290428
7.291433
7.291472
7.291594
7.294348
7.295118
7.295586
7.295831
7.296599
7.297579
7.298257
7.299356
7.299396
7.299959
7.300122
7.300161
7.300169
7.30109
7.301614
7.30287
7.304911
7.305417
7.305873
7.306878
7.310386
7.311498
7.311976
7.313785
7.315841
7.317771
7.3181
7.318363
7.31858
7.321219
7.321398
7.322588
7.322733
7.323251
7.32368
7.323811
7.323868
7.324264
7.325043
7.328028
7.329386
7.329834
7.335861
7.337291
7.337607
7.33884
7.339321
7.340565
7.341872
7.341941
7.343051
7.343593
7.343804
7.343804
7.34573
7.345775
7.345867
7.346573
7.346911
7.34779
7.348208
7.348273
7.348947
7.349156
7.350293
7.350326
7.350471
7.350538
7.350873
7.354851
7.355362
7.355961
7.36011
7.360785
7.36209
7.363456
7.36416
7.367076
7.367285
7.36768
7.369707
7.370531
7.370587
7.370808
7.371965
7.373856
7.373883
7.375558
7.375825
7.377193
7.379252
7.380368
7.381051
7.381343
7.382573
7.384055
7.386224
7.386541
7.387133
7.387487
7.388803
7.390774
7.392786
7.393159
7.394696
7.394905
7.394942
7.395877
7.396327
7.396667
7.397609
7.399974
7.400093
7.400792
7.400888
7.402156
7.403181
7.40418
7.405114
7.406248
7.40646
7.406939
7.408055
7.408502
7.409214
7.411541
7.413122
7.41319
7.414628
7.4169
7.417743
7.418208
7.418473
7.418834
7.4212
7.422562
7.423187
7.423359
7.424152
7.426671
7.427572
7.428255
7.428385
7.429333
7.430062
7.430816
7.432923
7.436849
7.437609
7.4393
7.440296
7.441438
7.442122
7.442611
7.443466
7.444539
7.444871
7.4456
7.446732
7.446809
7.446866
7.448134
7.448251
7.449523
7.449749
7.449869
7.450683
7.450803
7.451028
7.451882
7.452673
7.453937
7.454891
7.45492
7.457189
7.459042
7.461499
7.461714
7.461779
7.462941
7.46709
7.468124
7.468142
7.469782
7.471256
7.471505
7.472575
7.472673
7.473014
7.473985
7.47447
7.475752
7.475815
7.476388
7.477884
7.481058
7.48134
7.48244
7.485213
7.486293
7.486738
7.488875
7.489364
7.491077
7.491948
7.492333
7.492954
7.49299
7.494286
7.495194
7.496246
7.497161
7.497299
7.498184
7.498303
7.499096
7.499334
7.499471
7.499807
7.501042
7.501544
7.502505
7.504875
7.506349
7.509359
7.509644
7.511571
7.513091
7.513247
7.51397
7.516502
7.518257
7.518647
7.519315
7.51947
7.52005
7.520105
7.520585
7.520698
7.522167
7.523934
7.52484
7.525054
7.525131
7.526779
7.528195
7.529084
7.530636
7.531824
7.532933
7.535601
7.536932
7.5372
7.537884
7.53853
7.53981
7.541793
7.541984
7.542304
7.544721
7.545289
7.54544
7.546627
7.547228
7.547281
7.54816
7.549436
7.549854
7.550077
7.550365
7.554953
7.55563
7.555889
7.556031
7.55766
7.557959
7.559465
7.559527
7.559984
7.560541
7.561646
7.563809
7.563908
7.564315
7.565341
7.5663
7.567453
7.568128
7.569621
7.571406
7.572105
7.572733
7.573197
7.574172
7.576643
7.579292
7.579577
7.580702
7.580751
7.583889
7.586651
7.587328
7.589057
7.589813
7.590231
7.59032
7.591492
7.592296
7.593128
7.595232
7.595368
7.596607
7.597298
7.59801
7.598569
7.598674
7.599174
7.599698
7.599979
7.60004
7.600323
7.600681
7.60109
7.603272
7.604882
7.605478
7.605484
7.605547
7.608634
7.609641
7.612159
7.613342
7.614148
7.614852
7.617095
7.618085
7.618274
7.620543
7.621096
7.622177
7.622507
7.624
7.624686
7.624782
7.625297
7.626618
7.627495
7.62908
7.631742
7.632995
7.635259
7.635593
7.635954
7.637304
7.639207
7.639729
7.640659
7.642647
7.642862
7.643126
7.644098
7.644714
7.64496
7.645239
7.645992
7.647031
7.647384
7.64767
7.647908
7.649204
7.649671
7.649841
7.650232
7.650547
7.65134
7.653733
7.654521
7.654546
7.65651
7.659752
7.660967
7.662109
7.663169
7.663949
7.666163
7.667132
7.668634
7.668819
7.669311
7.669478
7.669794
7.67048
7.670718
7.672496
7.673686
7.674082
7.674124
7.67663
7.677127
7.678383
7.681471
7.681515
7.682581
7.685934
7.686968
7.688012
7.688315
7.690213
7.690318
7.690615
7.691725
7.692308
7.693245
7.695103
7.695126
7.696233
7.6963
7.696731
7.697553
7.698002
7.699099
7.699651
7.700162
7.700322
7.700861
7.703083
7.704171
7.705027
7.706256
7.707937
7.707953
7.709466
7.710571
7.710572
7.711126
7.713478
7.714545
7.716683
7.717987
7.719724
7.719859
7.720027
7.722098
7.722411
7.724164
7.724659
7.727513
7.728208
7.728582
7.728867
7.730826
7.730943
7.733094
7.736611
7.738061
7.738992
7.740186
7.74123
7.741232
7.741449
7.742127
7.744267
7.744337
7.745016
7.745295
7.745621
7.745905
7.74801
7.74868
7.748762
7.749114
7.749393
7.750806
7.751044
7.751173
7.752241
7.752814
7.753272
7.754665
7.755469
7.755545
7.755882
7.758646
7.760507
7.761171
7.762599
7.763561
7.767101
7.76749
7.768738
7.769339
7.772411
7.772508
7.772801
7.773264
7.773681
7.774478
7.775965
7.776159
7.776553
7.777894
7.778038
7.781129
7.78132
7.785858
7.786689
7.786846
7.789446
7.789472
7.789982
7.791932
7.793001
7.794081
7.794616
7.794867
7.795682
7.796242
7.796961
7.796961
7.79697
7.797446
7.79906
7.799317
7.800239
7.800263
7.800465
7.800772
7.800923
7.801603
7.80485
7.804864
7.806509
7.810175
7.811105
7.811582
7.81187
7.812491
7.815167
7.815578
7.817951
7.818708
7.81913
7.819446
7.821018
7.821121
7.821211
7.821547
7.822792
7.823306
7.823978
7.826137
7.827259
7.828179
7.831447
7.831518
7.83311
7.835344
7.835924
7.835956
7.837877
7.838155
7.840144
7.840751
7.842313
7.843708
7.843954
7.844924
7.845547
7.845647
7.845796
7.846341
7.847195
7.848673
7.849131
7.849471
7.850215
7.851509
7.851657
7.853874
7.85537
7.855827
7.856327
7.856491
7.857275
7.857958
7.861154
7.86125
7.862423
7.863482
7.865152
7.866936
7.86907
7.869792
7.870872
7.871146
7.872103
7.872347
7.873796
7.874381
7.875377
7.877902
7.878407
7.879337
7.87976
7.88083
7.882649
7.887316
7.887404
7.889067
7.890575
7.89159
7.892147
7.892568
7.893306
7.894721
7.895475
7.89624
7.896376
7.897317
7.898316
7.899105
7.899157
7.899636
7.900178
7.900304
7.901083
7.901308
7.901575
7.902268
7.903228
7.903375
7.904884
7.905103
7.907164
7.907222
7.909862
7.910804
7.911151
7.913617
7.914409
7.916101
7.917957
7.919378
7.920203
7.92037
7.92124
7.92243
7.923167
7.923551
7.923587
7.924064
7.92427
7.925564
7.926756
7.927901
7.930073
7.931141
7.931634
7.935824
7.936452
7.936508
7.939817
7.939904
7.941457
7.941687
7.94262
7.943967
7.944102
7.944196
7.945758
7.945829
7.946624
7.947239
7.947318
7.947592
7.949343
7.949883
7.950178
7.950739
7.950912
7.951774
7.951902
7.954867
7.955252
7.956171
7.960182
7.961105
7.961206
7.962998
7.963639
7.966542
7.966579
7.96768
7.968725
7.968769
7.969022
7.97049
7.970727
7.97201
7.972284
7.973335
7.973876
7.974422
7.974652
7.976436
7.977957
7.980453
7.982362
7.983589
7.984498
7.986107
7.986944
7.987689
7.987777
7.989047
7.990296
7.991143
7.991931
7.992999
7.994381
7.994932
7.995449
7.995579
7.997261
7.997307
7.998724
7.999418
7.999926
8.000378
8.000954
8.002971
8.004176
8.005714
8.006058
8.006747
8.007959
8.008277
8.010032
8.010299
8.011486
8.013498
8.014348
8.014554
8.016988
8.01738
8.018319
8.019032
8.020209
8.021576
8.022106
8.023207
8.023984
8.024248
8.025761
8.028216
8.028592
8.028728
8.029797
8.03187
8.031958
8.037323
8.037359
8.03901
8.039746
8.041333
8.041348
8.041456
8.041534
8.045116
8.045381
8.045595
8.046784
8.046943
8.047692
8.048019
8.048627
8.04872
8.049181
8.049863
8.050617
8.050829
8.050932
8.052283
8.055163
8.055295
8.055561
8.056498
8.056834
8.059145
8.059617
8.060993
8.06173
8.062829
8.063662
8.066806
8.068179
8.068962
8.069273
8.070444
8.070936
8.072592
8.073055
8.07422
8.074278
8.074486
8.074507
8.076114
8.077974
8.078978
8.080144
8.082214
8.085095
8.085402
8.087635
8.090371
8.090462
8.090942
8.091519
8.092525
8.093763
8.094316
8.09461
8.094974
8.095238
8.095935
8.098281
8.098677
8.099017
8.099356
8.099557
8.099561
8.099567
8.100173
8.101413
8.103782
8.104349
8.104767
8.104824
8.105526
8.109648
8.110502
8.111141
8.112109
8.113353
8.113904
8.117163
8.11936
8.119559
8.119711
8.120761
8.121732
8.121796
8.121998
8.123268
8.124801
8.125051
8.125143
8.127216
8.129641
8.131306
8.131458
8.134604
8.135948
8.136535
8.13724
8.139357
8.140034
8.142024
8.142323
8.143255
8.144086
8.144277
8.14468
8.144864
8.145172
8.146344
8.147632
8.149396
8.149959
8.150384
8.150659
8.150684
8.151874
8.153885
8.153966
8.155211
8.155236
8.155742
8.156705
8.15816
8.158278
8.158575
8.159903
8.160563
8.162242
8.164736
8.164901
8.166731
8.167799
8.168236
8.169096
8.171912
8.172098
8.173116
8.173485
8.174143
8.176526
8.178592
8.178799
8.179354
8.180271
8.181328
8.183298
8.186052
8.187467
8.189066
8.190033
8.190811
8.191007
8.191468
8.193779
8.194588
8.195368
8.195635
8.195668
8.196454
8.19696
8.197707
8.198011
8.198975
8.199079
8.199079
8.19956
8.19979
8.200103
8.20059
8.200854
8.201922
8.202957
8.204923
8.205505
8.2059
8.206211
8.209567
8.210745
8.212667
8.214442
8.217114
8.217901
8.218611
8.220398
8.221028
8.221421
8.222796
8.222886
8.22437
8.224781
8.225599
8.226552
8.226559
8.227386
8.229345
8.229931
8.231828
8.236403
8.236619
8.236658
8.239341
8.239474
8.241066
8.241152
8.242696
8.242946
8.244153
8.244205
8.244907
8.245353
8.246161
8.246258
8.246657
8.246711
8.248051
8.249093
8.249403
8.249421
8.250383
8.25044
8.250568
8.251154
8.25366
8.255349
8.255891
8.259607
8.260204
8.261631
8.261747
8.262442
8.264181
8.266576
8.267672
8.269495
8.26956
8.271411
8.271572
8.272029
8.272345
8.272502
8.273494
8.273872
8.275171
8.276768
8.279444
8.280044
8.280531
8.282597
8.283283
8.283575
8.286626
8.286959
8.287649
8.288719
8.288769
8.290935
8.291599
8.29294
8.293623
8.294921
8.294972
8.295899
8.296148
8.296794
8.297846
8.299084
8.299086
8.300527
8.300668
8.300686
8.304538
8.304999
8.30529
8.306298
8.30726
8.307826
8.30797
8.310426
8.310693
8.310834
8.312924
8.314977
8.315572
8.316392
8.317818
8.318378
8.318814
8.321144
8.321149
8.322219
8.324622
8.324647
8.325413
8.327376
8.328704
8.329281
8.329667
8.330349
8.331039
8.332915
8.33733
8.3379
8.338928
8.339997
8.341465
8.342043
8.342265
8.343344
8.344554
8.344805
8.345463
8.346394
8.346951
8.347209
8.34837
8.348678
8.350018
8.350191
8.350224
8.350783
8.351589
8.351595
8.353305
8.35404
8.354929
8.355358
8.355919
8.359833
8.362348
8.36235
8.362686
8.363875
8.365214
8.36804
8.368122
8.368433
8.368785
8.371886
8.372293
8.372799
8.373049
8.373256
8.373757
8.374285
8.374701
8.374775
8.375844
8.377806
8.379866
8.380227
8.382676
8.386217
8.386358
8.387341
8.389738
8.390951
8.391011
8.392475
8.392634
8.393504
8.394019
8.394734
8.395372
8.39561
8.397014
8.397087
8.397261
8.397945
8.39822
8.398834
8.399409
8.399933
8.400253
8.400396
8.400756
8.401149
8.404694
8.405525
8.405999
8.409879
8.410648
8.41235
8.412967
8.415186
8.415595
8.418698
8.419092
8.41974
8.419838
8.420138
8.420394
8.420942
8.421716
8.422841
8.423234
8.424042
8.425091
8.426151
8.427227
8.429898
8.430059
8.432535
8.434564
8.434682
8.435957
8.436176
8.438021
8.438336
8.439965
8.442065
8.442116
8.443006
8.44407
8.444568
8.444874
8.445886
8.446595
8.447325
8.449735
8.449857
8.450457
8.450517
8.452074
8.453976
8.455198
8.456197
8.456266
8.456729
8.457562
8.458165
8.459852
8.46121
8.461867
8.462384
8.464066
8.465459
8.465499
8.466315
8.468355
8.468395
8.468529
8.470525
8.471164
8.47187
8.472081
8.473138
8.474
8.476846
8.477537
8.477712
8.479283
8.479932
8.480848
8.48207
8.486679
8.4881
8.488331
8.489466
8.489964
8.492788
8.493154
8.493219
8.494312
8.494842
8.495395
8.495953
8.497761
8.498044
8.498172
8.499166
8.499408
8.499597
8.500196
8.500246
8.500618
8.501128
8.501946
8.504841
8.504867
8.505156
8.505294
8.505463
8.509169
8.510109
8.510529
8.511746
8.512812
8.512837
8.516337
8.517402
8.51842
8.519417
8.521435
8.52253
8.523057
8.523732
8.523803
8.523963
8.525057
8.525431
8.525437
8.528291
8.528449
8.530159
8.532558
8.534471
8.536761
8.536771
8.53733
8.538348
8.538891
8.541641
8.543242
8.543636
8.543974
8.544198
8.545809
8.546043
8.547336
8.547932
8.547961
8.549018
8.549223
8.549322
8.550084
8.550554
8.550578
8.554128
8.554636
8.554891
8.555365
8.560642
8.561269
8.561603
8.56298
8.5631
8.563124
8.565434
8.565676
8.568784
8.569506
8.569852
8.571081
8.57133
8.571588
8.572142
8.573121
8.57388
8.573911
8.576019
8.577613
8.579107
8.579401
8.580849
8.581559
8.583178
8.584289
8.586356
8.586368
8.587067
8.588254
8.58872
8.590892
8.592129
8.592481
8.592907
8.59345
8.594779
8.595901
8.597035
8.597329
8.598364
8.598616
8.599169
8.599677
8.600256
8.601519
8.603304
8.604444
8.605203
8.605351
8.605425
8.607681
8.608622
8.610028
8.610566
8.611073
8.612223
8.614253
8.615503
8.615649
8.616159
8.618127
8.619307
8.619888
8.620161
8.62113
8.622053
8.623344
8.623565
8.627161
8.62812
8.628609
8.628727
8.629661
8.630318
8.633016
8.636023
8.636341
8.638039
8.640475
8.640476
8.641261
8.642029
8.642616
8.643399
8.643725
8.644136
8.645919
8.646568
8.648032
8.648485
8.649201
8.649283
8.649792
8.650535
8.650806
8.651147
8.652066
8.652198
8.654685
8.654736
8.654894
8.65545
8.65645
8.661535
8.661696
8.662652
8.662748
8.663616
8.668033
8.668125
8.668138
8.670092
8.671543
8.671799
8.673609
8.673803
8.674177
8.674435
8.674805
8.675292
8.675748
8.677328
8.679088
8.68098
8.681403
8.683495
8.685479
8.685846
8.68659
8.68862
8.689733
8.689998
8.690962
8.69161
8.69196
8.692776
8.693703
8.694271
8.69514
8.696654
8.696872
8.697027
8.697271
8.6973
8.697785
8.698341
8.69948
8.700224
8.700333
8.701312
8.70157
8.701791
8.704256
8.704533
8.706631
8.709747
8.709921
8.712586
8.712757
8.713452
8.716851
8.718416
8.719809
8.719975
8.720509
8.720859
8.721547
8.722626
8.722833
8.723555
8.7239
8.725017
8.727254
8.73035
8.7324
8.732481
8.732596
8.733293
8.733714
8.736365
8.736542
8.738034
8.739245
8.739713
8.740796
8.741299
8.741469
8.741644
8.743688
8.745371
8.746266
8.746574
8.746907
8.748098
8.749208
8.749973
8.75012
8.751551
8.751941
8.753688
8.755208
8.755798
8.756019
8.757305
8.758072
8.759303
8.759583
8.75969
8.760229
8.762172
8.762788
8.766511
8.767319
8.767754
8.768537
8.76989
8.771007
8.771942
8.772399
8.773237
8.77342
8.776905
8.778448
8.778677
8.778984
8.779793
8.779803
8.781451
8.783924
8.787343
8.787714
8.788053
8.791288
8.791336
8.791483
8.791652
8.794193
8.795914
8.796043
8.79621
8.79711
8.797672
8.798506
8.798994
8.799205
8.799843
8.799893
8.800607
8.80101
8.801768
8.802271
8.803018
8.80528
8.80608
8.806374
8.807231
8.809546
8.811253
8.812316
8.813301
8.813565
8.815001
8.816792
8.8182
8.818982
8.819209
8.820467
8.821548
8.822202
8.82358
8.823703
8.82372
8.824071
8.825294
8.825379
8.826329
8.827062
8.82811
8.831202
8.831919
8.836479
8.836969
8.83734
8.838093
8.839424
8.840503
8.840562
8.841841
8.843594
8.844283
8.844325
8.844785
8.84654
8.846728
8.847037
8.847136
8.847891
8.848343
8.849669
8.849916
8.85023
8.851266
8.851378
8.854593
8.85472
8.856563
8.859506
8.86198
8.862419
8.86261
8.863201
8.863978
8.865742
8.8685
8.868516
8.869149
8.869534
8.869795
8.871755
8.871892
8.872827
8.872929
8.873892
8.874124
8.874601
8.875426
8.877679
8.879412
8.88148
8.881523
8.882981
8.883529
8.885269
8.886188
8.888032
8.888717
8.88902
8.891713
8.892908
8.893108
8.895853
8.89666
8.896859
8.896864
8.897239
8.897271
8.900476
8.900542
8.900783
8.900898
8.901433
8.903162
8.90456
8.906132
8.90628
8.90645
8.907064
8.909015
8.910232
8.910919
8.912288
8.913446
8.913664
8.91415
8.915098
8.916776
8.918691
8.918774
8.91961
8.920178
8.922163
8.923143
8.924202
8.924365
8.92604
8.928773
8.92962
8.930168
8.930302
8.930888
8.931798
8.93224
8.93794
8.938029
8.938843
8.941174
8.941656
8.941863
8.943088
8.943445
8.944687
8.945721
8.946654
8.946999
8.947654
8.948275
8.949494
8.949534
8.949634
8.949927
8.951071
8.951196
8.951277
8.951664
8.952696
8.955775
8.955923
8.956133
8.957037
8.959366
8.9599
8.961239
8.961567
8.961752
8.963825
8.964084
8.967684
8.968204
8.968936
8.97055
8.971445
8.97198
8.97279
8.973235
8.973892
8.974116
8.974279
8.974301
8.976079
8.976849
8.978181
8.981177
8.982134
8.986485
8.986489
8.988262
8.989412
8.989477
8.990973
8.991653
8.993379
8.993572
8.994171
8.99479
8.994938
8.997517
8.99774
8.998035
8.998098
8.999594
8.999923
8.99996
9.001216
9.001849
9.001956
9.002235
9.003159
9.00437
9.004915
9.00595
9.006172
9.01014
9.010601
9.010614
9.01214
9.012979
9.013218
9.01678
9.018939
9.019519
9.019697
9.02065
9.020704
9.022181
9.022258
9.023826
9.023933
9.02406
9.025146
9.026776
9.029382
9.029548
9.030555
9.033525
9.034304
9.035652
9.036494
9.036784
9.038246
9.039689
9.040761
9.040963
9.042349
9.043064
9.0441
9.044565
9.046695
9.046908
9.048002
9.048473
9.048906
9.049374
9.050408
9.050548
9.052861
9.052999
9.055217
9.055224
9.056532
9.056647
9.057309
9.057983
9.058109
9.059864
9.059924
9.060238
9.060973
9.064517
9.064573
9.067661
9.068836
9.068898
9.070104
9.070938
9.07117
9.073103
9.07321
9.07414
9.075681
9.078165
9.078244
9.079298
9.079408
9.080208
9.081726
9.086351
9.088052
9.089103
9.090553
9.091431
9.091825
9.093281
9.094378
9.09448
9.094559
9.094583
9.095844
9.09589
9.097289
9.097545
9.097938
9.099444
9.09968
9.100071
9.100227
9.10106
9.102316
9.103282
9.104737
9.104811
9.104932
9.106141
9.10638
9.109551
9.110457
9.111828
9.111997
9.113659
9.114789
9.1166
9.11901
9.119027
9.119209
9.121553
9.122448
9.123519
9.123588
9.123624
9.123723
9.123766
9.124587
9.126864
9.127802
9.128628
9.130175
9.132858
9.135158
9.135888
9.137029
9.138529
9.139222
9.139482
9.141657
9.141975
9.142861
9.143793
9.144006
9.144919
9.145077
9.145366
9.146214
9.146287
9.147085
9.147393
9.148352
9.148673
9.149655
9.150382
9.150442
9.151238
9.151278
9.153541
9.154756
9.155511
9.159498
9.160134
9.162189
9.163391
9.163994
9.165706
9.167135
9.169476
9.169586
9.170521
9.170975
9.171494
9.171623
9.172037
9.172866
9.173048
9.174797
9.175556
9.177499
9.179189
9.180372
9.180488
9.183056
9.183658
9.18545
9.186824
9.186978
9.187048
9.188358
9.188724
9.190968
9.191848
9.192359
9.193849
9.194519
9.19619
9.196202
9.19811
9.198206
9.199259
9.199422
9.199692
9.200553
9.202294
9.204218
9.204575
9.204872
9.205228
9.206692
9.208313
9.208993
9.209495
9.210597
9.210601
9.212242
9.212312
9.213913
9.214527
9.216495
9.216764
9.218342
9.218831
9.220705
9.222721
9.223149
9.223749
9.224442
9.22656
9.22759
9.228194
9.228806
9.229308
9.229376
9.231045
9.23294
9.235943
9.23721
9.239462
9.240175
9.240889
9.241279
9.241306
9.242667
9.243718
9.243817
9.244692
9.244906
9.246535
9.247061
9.247828
9.248794
9.250224
9.250317
9.250705
9.250722
9.250864
9.251968
9.25256
9.253319
9.25456
9.255485
9.255603
9.255661
9.259383
9.259557
9.261289
9.261905
9.263458
9.266621
9.267474
9.268412
9.270218
9.271457
9.272586
9.272631
9.273651
9.274522
9.274585
9.274737
9.275267
9.276491
9.277993
9.279236
9.280023
9.282265
9.284951
9.287353
9.287798
9.288912
9.289707
9.290681
9.291417
9.291511
9.293048
9.293535
9.293658
9.295628
9.296084
9.296546
9.296995
9.297641
9.298859
9.298941
9.300447
9.300468
9.300936
9.301599
9.304848
9.305002
9.305974
9.306438
9.30791
9.309551
9.310562
9.310938
9.312605
9.313217
9.314021
9.316493
9.316532
9.318002
9.318488
9.31859
9.319531
9.319604
9.321853
9.32187
9.322768
9.323633
9.32375
9.323802
9.324185
9.327354
9.329443
9.330114
9.330191
9.332566
9.333633
9.334315
9.336662
9.337392
9.33753
9.33905
9.339092
9.340815
9.341514
9.342358
9.342978
9.344893
9.345129
9.346282
9.346684
9.346894
9.348702
9.349243
9.349471
9.350382
9.350896
9.354674
9.354839
9.355033
9.355105
9.356452
9.357316
9.358582
9.358584
9.358584
9.359174
9.35981
9.360167
9.360388
9.362044
9.36369
9.364527
9.364773
9.366608
9.366837
9.368346
9.370113
9.370178
9.371466
9.372149
9.374025
9.374931
9.378032
9.378566
9.378915
9.379191
9.379731
9.381197
9.382943
9.387338
9.387362
9.390113
9.390114
9.390319
9.391488
9.392353
9.393237
9.394059
9.394887
9.396421
9.396665
9.396987
9.397515
9.398801
9.39897
9.399052
9.399773
9.401296
9.401632
9.401642
9.403007
9.40334
9.405394
9.405503
9.405777
9.405935
9.409688
9.410387
9.411351
9.412558
9.413909
9.414098
9.418145
9.418238
9.418429
9.418451
9.420875
9.421484
9.422293
9.422424
9.423574
9.423835
9.42431
9.425316
9.425588
9.427883
9.428151
9.428234
9.429578
9.430118
9.431813
9.436497
9.436984
9.439876
9.44028
9.440872
9.441343
9.441422
9.442945
9.443057
9.443298
9.444016
9.446083
9.446757
9.446872
9.44703
9.447048
9.447324
9.447998
9.448735
9.44994
9.450449
9.450605
9.450658
9.451097
9.453183
9.454373
9.454583
9.455114
9.455562
9.459227
9.460564
9.462155
9.462471
9.462572
9.466266
9.468845
9.469731
9.469812
9.469906
9.470274
9.470748
9.470781
9.471941
9.474031
9.474118
9.475877
9.476092
9.479054
9.481499
9.481567
9.482638
9.485319
9.485982
9.487007
9.487065
9.488478
9.489594
9.491652
9.492362
9.493042
9.493829
9.494586
9.496197
9.496282
9.49629
9.497706
9.499467
9.49961
9.500255
9.500454
9.500491
9.500562
9.504013
9.505028
9.505773
9.505904
9.506008
9.50732
9.508026
9.51094
9.511232
9.512473
9.513853
9.514199
9.516564
9.518021
9.5188
9.519186
9.519439
9.520176
9.52185
9.522538
9.522902
9.523874
9.523983
9.526569
9.528465
9.528637
9.528708
9.529816
9.530909
9.532948
9.537048
9.537115
9.538114
9.540291
9.540501
9.541876
9.543488
9.544427
9.544699
9.545108
9.546691
9.547003
9.5473
9.547389
9.547504
9.54838
9.548959
9.549405
9.550416
9.550691
9.550871
9.551228
9.55233
9.552476
9.555249
9.555254
9.555564
9.558891
9.559887
9.560186
9.560247
9.561823
9.562854
9.56361
9.566027
9.567911
9.569039
9.569435
9.570389
9.570447
9.572051
9.573503
9.574621
9.574816
9.574889
9.575324
9.575642
9.577708
9.578451
9.579547
9.581473
9.585636
9.585858
9.587676
9.588498
9.589392
9.589429
9.590012
9.590988
9.592063
9.594188
9.5946
9.596004
9.596051
9.596369
9.597009
9.597865
9.599328
9.60012
9.600252
9.600344
9.601092
9.60162
9.603555
9.60478
9.605698
9.606707
9.607249
9.607945
9.61027
9.611162
9.612156
9.612628
9.613236
9.61401
9.617479
9.618773
9.619535
9.620001
9.620248
9.620813
9.622167
9.622748
9.624497
9.624714
9.62513
9.625766
9.628322
9.628403
9.630504
9.631525
9.632478
9.634673
9.63567
9.636993
9.637033
9.638346
9.638515
9.639062
9.641813
9.641855
9.642029
9.64205
9.642663
9.64504
9.64534
9.646367
9.647021
9.647331
9.648781
9.649386
9.64973
9.649819
9.651397
9.653931
9.654772
9.655236
9.656588
9.656614
9.657289
9.657536
9.659905
9.660472
9.66061
9.661255
9.663538
9.665607
9.666622
9.668569
9.668917
9.669917
9.671201
9.671795
9.671932
9.674151
9.675245
9.67608
9.677895
9.677919
9.679391
9.679846
9.681072
9.68133
9.682688
9.687053
9.687797
9.688628
9.690509
9.691171
9.69141
9.691942
9.692188
9.693081
9.694089
9.694388
9.695505
9.69696
9.696998
9.698575
9.699644
9.699928
9.700028
9.700994
9.701318
9.701995
9.702084
9.703349
9.704947
9.705258
9.70675
9.7072
9.709439
9.709496
9.709988
9.711834
9.712849
9.713621
9.715406
9.717623
9.717828
9.719439
9.721382
9.721573
9.722566
9.723153
9.723622
9.724048
9.7243
9.724404
9.725052
9.725683
9.728134
9.728992
9.73022
9.732267
9.735024
9.735043
9.736315
9.736546
9.739283
9.740056
9.740432
9.741105
9.741456
9.742832
9.744089
9.744267
9.744728
9.744872
9.746089
9.746328
9.746333
9.746482
9.747334
9.747746
9.749772
9.750098
9.750168
9.750483
9.751035
9.751663
9.753616
9.753763
9.754677
9.75657
9.759946
9.760225
9.760859
9.761825
9.764582
9.766182
9.768011
9.768348
9.76914
9.769954
9.770232
9.770787
9.772879
9.773115
9.773341
9.773538
9.773925
9.775331
9.776083
9.778224
9.779429
9.780514
9.781764
9.782065
9.784053
9.784641
9.78568
9.78638
9.787119
9.789557
9.789813
9.791066
9.791606
9.791882
9.792374
9.793417
9.794983
9.7974
9.797559
9.798173
9.798367
9.799078
9.799403
9.80018
9.800434
9.801122
9.801568
9.803038
9.805115
9.80564
9.806639
9.806914
9.807303
9.80902
9.809985
9.811261
9.81127
9.811878
9.813034
9.81533
9.81561
9.816788
9.816933
9.818739
9.819519
9.820165
9.821706
9.821918
9.823216
9.824334
9.825883
9.827251
9.828571
9.828572
9.828578
9.829756
9.830912
9.831632
9.837388
9.837922
9.838046
9.839903
9.840195
9.840319
9.841366
9.841684
9.844103
9.844149
9.844399
9.845448
9.846715
9.846747
9.848337
9.848387
9.848435
9.849014
9.849033
9.849236
9.850639
9.850989
9.851312
9.851401
9.851759
9.853682
9.854955
9.85528
9.855513
9.856622
9.858409
9.858991
9.860573
9.86155
9.862323
9.863925
9.868162
9.868741
9.869233
9.870123
9.871783
9.872158
9.873544
9.874747
9.874825
9.874855
9.875859
9.876431
9.877728
9.87876
9.880331
9.88092
9.881478
9.884382
9.885934
9.88732
9.887466
9.888056
9.889102
9.891445
9.891998
9.892067
9.892862
9.89353
9.89572
9.895894
9.896419
9.896889
9.89692
9.897379
9.898302
9.898954
9.899969
9.900143
9.900473
9.900834
9.901962
9.902306
9.902485
9.903951
9.904178
9.90493
9.905574
9.910241
9.911329
9.911499
9.913026
9.913164
9.917248
9.917479
9.918595
9.918754
9.91916
9.919282
9.920303
9.921248
9.921956
9.92214
9.922551
9.923412
9.924969
9.925201
9.927592
9.930369
9.931512
9.931583
9.933068
9.933379
9.936623
9.937051
9.938072
9.938962
9.939562
9.940773
9.94238
9.942486
9.943264
9.945156
9.945178
9.946302
9.946308
9.946375
9.948507
9.948558
9.949134
9.949415
9.950439
9.950912
9.951212
9.952736
9.955221
9.955654
9.955767
9.956037
9.956312
9.956896
9.95812
9.960174
9.960266
9.961477
9.96162
9.962769
9.963618
9.965613
9.966729
9.966732
9.968793
9.969135
9.96936
9.971324
9.973272
9.973729
9.975237
9.975815
9.977219
9.978061
9.978254
9.979895
9.981335
9.981896
9.982488
9.986914
9.98839
9.989131
9.989529
9.99137
9.992316
9.993386
9.99347
9.994716
9.994867
9.995443
9.995516
9.996974
9.997005
9.998652
9.998818
9.998926
9.999328
