0.008621
0.01537
0.023235
0.038575
0.053576
0.055305
0.068143
0.070629
0.070895
0.075109
0.083627
0.094472
0.09815
0.114108
0.119142
0.127778
0.128676
0.138201
0.143127
0.152206
0.158512
0.171159
0.17359
0.188117
0.203482
0.218682
0.219625
0.220865
0.221971
0.225212
0.233181
0.243517
0.245416
0.248557
0.250045
0.259457
0.263174
0.271428
0.272126
0.279151
0.293984
0.300109
0.303364
0.308411
0.323705
0.324416
0.325904
0.339412
0.346035
0.348206
0.35505
0.372277
0.372835
0.375536
0.384045
0.400654
0.420858
0.433197
0.441216
0.450113
0.451699
0.455015
0.475414
0.486039
0.505311
0.505738
0.518253
0.519111
0.521838
0.545427
0.593737
0.601669
0.615478
0.65506
0.655355
0.670636
0.672206
0.674943
0.698229
0.721534
0.72347
0.728853
0.752192
0.759676
0.772781
0.819661
0.820924
0.824967
0.83507
0.841089
0.850064
0.869164
0.921613
0.936399
0.950592
0.955269
0.956882
0.961117
0.972658
1.021306
1.022427
1.024303
1.071311
1.07496
1.104826
1.105168
1.119994
1.122122
1.12468
1.171431
1.177805
1.194509
1.203076
1.218499
1.244139
1.253957
1.255374
1.272167
1.290046
1.319169
1.355999
1.367665
1.370633
1.376288
1.388321
1.402913
1.404517
1.406047
1.413578
1.42525
1.437446
1.438691
1.510489
1.569433
1.570397
1.572363
1.572902
1.600379
1.616537
1.644144
1.661894
1.671297
1.719449
1.721973
1.723017
1.727763
1.750299
1.767061
1.771913
1.79398
1.811155
1.815702
1.819504
1.823225
1.836004
1.855538
1.870196
1.870886
1.870903
1.872338
1.915964
1.918987
1.920061
1.921545
1.961075
1.973335
2.004659
2.020247
2.020996
2.025764
2.066558
2.077947
2.088497
2.111438
2.119274
2.12495
2.126401
2.128693
2.136076
2.169894
2.178173
2.217168
2.227739
2.265174
2.275967
2.304924
2.305204
2.305531
2.319638
2.321387
2.322163
2.324501
2.367002
2.37063
2.37753
2.393476
2.397313
2.408635
2.412183
2.443631
2.455232
2.471171
2.471275
2.474943
2.516121
2.520458
2.52747
2.546072
2.568927
2.571548
2.575658
2.604776
2.620563
2.621875
2.625574
2.645491
2.672354
2.69503
2.712394
2.715914
2.724917
2.754251
2.769494
2.775296
2.867588
2.885485
2.896677
2.905532
2.918158
2.920983
2.922877
2.966197
2.994536
3.01595
3.018541
3.021296
3.060599
3.066976
3.070732
3.07099
3.07215
3.090806
3.100485
3.122118
3.137375
3.144146
3.164984
3.178818
3.184721
3.211511
3.220522
3.220718
3.221089
3.250145
3.267982
3.270533
3.272373
3.276863
3.293378
3.313703
3.316163
3.325997
3.355105
3.359104
3.361511
3.366731
3.368987
3.39795
3.403465
3.418723
3.418807
3.420452
3.432823
3.444271
3.448823
3.463807
3.465329
3.476002
3.477845
3.492895
3.50881
3.512078
3.517134
3.519809
3.521932
3.522492
3.54423
3.553519
3.568824
3.57013
3.571207
3.582826
3.594832
3.59782
3.613476
3.616498
3.628815
3.641593
3.642382
3.657327
3.658188
3.662532
3.667636
3.673691
3.677574
3.687539
3.703022
3.717997
3.721135
3.721519
3.732473
3.743613
3.747938
3.762406
3.766534
3.774517
3.778686
3.79297
3.805346
3.807473
3.810958
3.823013
3.837971
3.852454
3.866968
3.871659
3.883252
3.893626
3.897671
3.912988
3.921606
3.927846
3.943807
3.953911
3.957963
3.967031
3.969537
3.970707
3.972849
3.977792
3.988119
4.002972
4.017655
4.03303
4.044449
4.048832
4.062552
4.078874
4.092672
4.10517
4.10752
4.116776
4.116887
4.122109
4.123176
4.137432
4.153067
4.195061
4.211762
4.214846
4.220716
4.254358
4.258836
4.271663
4.277029
4.299281
4.319851
4.320721
4.371907
4.37232
4.379275
4.386205
4.396048
4.404506
4.408842
4.420907
4.422092
4.448789
4.468552
4.471136
4.472798
4.513192
4.537517
4.55786
4.566932
4.570028
4.571729
4.618467
4.621429
4.644163
4.663364
4.667818
4.675845
4.708303
4.767829
4.773122
4.794015
4.813731
4.822907
4.824796
4.829065
4.858897
4.868346
4.872314
4.918865
4.921643
4.923673
4.944874
4.962881
4.971738
4.977461
5.000219
5.008882
5.017293
5.019792
5.049878
5.051017
5.065772
5.068296
5.113346
5.11343
5.11814
5.120572
5.121937
5.12555
5.156497
5.158275
5.174298
5.217854
5.220215
5.244882
5.262876
5.270818
5.278487
5.279604
5.286537
5.307871
5.316283
5.320167
5.322126
5.339013
5.353905
5.367376
5.395195
5.409581
5.412438
5.421926
5.425458
5.450436
5.455496
5.45832
5.468719
5.471536
5.516961
5.518023
5.521444
5.523328
5.544919
5.555487
5.562882
5.57303
5.57515
5.59974
5.607337
5.609511
5.61948
5.620726
5.667915
5.693699
5.713045
5.717638
5.722832
5.728348
5.751748
5.75807
5.769293
5.803274
5.817891
5.82121
5.821932
5.828996
5.861582
5.862893
5.871767
5.875941
5.907843
5.944942
5.94824
5.968717
5.973632
5.977164
6.013072
6.021493
6.0217
6.057974
6.069845
6.072716
6.102614
6.115553
6.118901
6.144277
6.163475
6.16787
6.170752
6.178332
6.185565
6.207809
6.209564
6.221088
6.25299
6.260112
6.267921
6.27212
6.292962
6.312694
6.31715
6.320783
6.3225
6.335463
6.35768
6.403231
6.412878
6.415069
6.417914
6.443923
6.462829
6.470758
6.472504
6.500455
6.507732
6.510483
6.522165
6.523408
6.530226
6.552638
6.567468
6.593764
6.604871
6.605932
6.612287
6.621509
6.654805
6.657371
6.715098
6.718801
6.743932
6.754341
6.762919
6.775104
6.808208
6.822591
6.828226
6.854244
6.868931
6.873731
6.8939
6.897791
6.904554
6.912886
6.918663
6.918671
6.9579
6.970307
6.971829
7.003
7.016813
7.017392
7.021206
7.044067
7.062426
7.067669
7.071816
7.100456
7.107936
7.120112
7.122183
7.148388
7.153546
7.168833
7.172781
7.188205
7.188688
7.204891
7.213043
7.219529
7.220813
7.24949
7.258438
7.272334
7.295118
7.299356
7.317771
7.321219
7.32368
7.323868
7.339321
7.34573
7.355137
7.363456
7.375558
7.384055
7.386224
7.408502
7.418208
7.468142
7.471505
7.473985
7.475752
7.504962
7.511696
7.513247
7.519315
7.52005
7.525131
7.53981
7.54816
7.557959
7.564315
7.598569
7.603272
7.615316
7.618085
7.618274
7.624782
7.638504
7.654546
7.663949
7.668634
7.669311
7.67048
7.699607
7.699651
7.700322
7.707953
7.744337
7.76749
7.778038
7.789982
7.806105
7.812491
7.821211
7.821547
7.826137
7.857958
7.879337
7.917908
7.917957
7.920203
7.923167
7.924064
7.954456
7.962998
7.968769
7.969022
8.007959
8.014348
8.048627
8.055163
8.068962
8.070444
8.07422
8.085402
8.104349
8.105154
8.111108
8.113904
8.121796
8.149396
8.15816
8.193779
8.198975
8.202957
8.217901
8.221028
8.222886
8.254187
8.262442
8.26956
8.271411
8.275171
8.283575
8.30797
8.329667
8.34837
8.353305
8.36804
8.372293
8.374701
8.375844
8.405536
8.412967
8.419092
8.420138
8.423234
8.426151
8.436176
8.44407
8.458165
8.47187
8.477712
8.494312
8.499166
8.505294
8.509169
8.516416
8.51842
8.525431
8.528449
8.554128
8.554994
8.56298
8.568784
8.586356
8.590892
8.599169
8.599677
8.608622
8.620161
8.622053
8.638407
8.644136
8.668138
8.673803
8.674805
8.69514
8.705996
8.713452
8.719975
8.720859
8.733714
8.758072
8.771007
8.77342
8.778677
8.798994
8.802271
8.818982
8.823703
8.825294
8.825379
8.85455
8.863978
8.868516
8.909015
8.91415
8.923143
8.944687
8.948275
8.952696
8.959366
8.961239
8.968936
8.97055
8.97198
8.973892
8.976849
8.978181
9.00437
9.007009
9.012979
9.02065
9.022181
9.035652
9.049374
9.057983
9.070938
9.097938
9.102316
9.115981
9.11901
9.123588
9.139222
9.15464
9.163994
9.169586
9.183658
9.208993
9.220705
9.229376
9.247828
9.253319
9.267474
9.273651
9.307015
9.314021
9.318002
9.318488
9.319604
9.324185
9.336662
9.339425
9.36369
9.371466
9.39897
9.40334
9.410387
9.418451
9.419208
9.422424
9.427883
9.438008
9.454373
9.456022
9.462471
9.469731
9.470274
9.476092
9.485982
9.508026
9.52185
9.528465
9.547389
9.55233
9.569039
9.569435
9.575642
9.589392
9.61401
9.620248
9.622748
9.625766
9.63567
9.642029
9.65103
9.671407
9.677919
9.679391
9.699928
9.723153
9.725683
9.739283
9.744872
9.750168
9.753616
9.768011
9.76914
9.784053
9.78568
9.799403
9.800307
9.813034
9.819519
9.828571
9.844399
9.851759
9.854955
9.858409
9.873544
9.888056
9.904178
9.90523
9.918595
9.920303
9.921248
9.933068
9.936623
9.949134
9.963618
9.96936
9.978061
9.988167
9.99347
